# relative_time, cycles_done, cur_item, corpus_count, pending_total, pending_favs, map_size, saved_crashes, saved_hangs, max_depth, execs_per_sec, total_execs, edges_found
61, 0, 0, 271, 271, 1, 2.97%, 0, 0, 2, 448.93, 27893, 1587
66, 0, 0, 273, 273, 1, 2.97%, 0, 0, 2, 454.80, 30195, 1588
71, 0, 0, 281, 281, 1, 2.98%, 0, 0, 2, 433.70, 32365, 1593
76, 0, 0, 287, 287, 1, 2.99%, 0, 0, 2, 458.81, 34771, 1599
81, 0, 0, 293, 293, 1, 2.99%, 0, 0, 2, 458.56, 37060, 1600
86, 0, 0, 304, 304, 1, 3.00%, 0, 0, 2, 436.16, 39317, 1607
91, 0, 0, 312, 312, 1, 3.01%, 0, 0, 2, 450.99, 41640, 1613
96, 0, 0, 315, 315, 1, 3.02%, 0, 0, 2, 441.31, 43949, 1615
101, 0, 0, 327, 327, 1, 3.04%, 0, 0, 2, 432.93, 46101, 1627
107, 0, 0, 330, 330, 1, 3.04%, 0, 0, 2, 410.95, 48205, 1627
112, 0, 0, 331, 331, 1, 3.08%, 0, 0, 2, 414.54, 50309, 1650
117, 0, 0, 338, 338, 1, 3.13%, 0, 0, 2, 424.50, 52445, 1673
122, 0, 0, 340, 340, 1, 3.14%, 0, 0, 2, 443.15, 54693, 1678
127, 0, 0, 345, 345, 1, 3.14%, 0, 0, 2, 436.75, 56933, 1680
132, 0, 0, 348, 348, 1, 3.15%, 0, 0, 2, 435.59, 59077, 1684
137, 0, 0, 351, 351, 1, 3.21%, 0, 0, 2, 467.88, 61563, 1716
142, 0, 0, 353, 353, 1, 3.21%, 0, 0, 2, 390.88, 63464, 1716
147, 0, 0, 354, 354, 1, 3.21%, 0, 0, 2, 422.48, 65629, 1716
152, 0, 0, 357, 357, 1, 3.21%, 0, 0, 2, 419.25, 67765, 1716
157, 0, 0, 360, 360, 1, 3.22%, 0, 0, 2, 442.61, 70085, 1723
162, 0, 0, 362, 362, 1, 3.23%, 0, 0, 2, 431.84, 72237, 1726
167, 0, 0, 364, 364, 1, 3.23%, 0, 0, 2, 446.93, 74493, 1726
172, 0, 0, 368, 368, 1, 3.23%, 0, 0, 2, 432.86, 76677, 1727
177, 0, 0, 371, 371, 1, 3.23%, 0, 0, 2, 416.42, 78765, 1731
182, 0, 0, 372, 372, 1, 3.24%, 0, 0, 2, 433.58, 80925, 1732
187, 0, 0, 375, 375, 1, 3.28%, 0, 0, 2, 430.75, 83037, 1757
192, 0, 0, 378, 378, 1, 3.29%, 0, 0, 2, 443.11, 85293, 1761
197, 0, 0, 383, 383, 1, 3.30%, 0, 0, 2, 433.67, 87477, 1765
202, 0, 0, 385, 385, 1, 3.30%, 0, 0, 2, 420.80, 89605, 1768
208, 0, 0, 386, 386, 1, 3.30%, 0, 0, 2, 414.11, 91621, 1768
213, 0, 0, 390, 390, 1, 3.31%, 0, 0, 2, 435.71, 93885, 1772
218, 0, 0, 392, 392, 1, 3.31%, 0, 0, 2, 460.76, 96289, 1772
223, 0, 0, 394, 394, 1, 3.32%, 0, 0, 2, 466.42, 98663, 1774
228, 0, 0, 398, 398, 1, 3.32%, 0, 0, 2, 468.26, 101116, 1776
233, 0, 0, 403, 403, 1, 3.32%, 0, 0, 2, 459.97, 103442, 1777
238, 0, 0, 405, 405, 1, 3.32%, 0, 0, 2, 465.67, 105879, 1778
244, 0, 0, 409, 409, 1, 3.33%, 0, 0, 2, 480.46, 108386, 1782
249, 0, 0, 412, 412, 1, 3.33%, 0, 0, 2, 480.40, 110876, 1782
254, 0, 0, 416, 416, 1, 3.38%, 0, 0, 2, 482.02, 113302, 1810
259, 0, 0, 417, 417, 1, 3.38%, 0, 0, 2, 471.08, 115659, 1811
264, 0, 0, 418, 418, 1, 3.39%, 0, 0, 2, 472.31, 118142, 1813
269, 0, 0, 420, 420, 1, 3.39%, 0, 0, 2, 480.66, 120561, 1815
274, 0, 0, 420, 420, 1, 3.39%, 0, 0, 2, 466.57, 122892, 1815
279, 0, 0, 421, 421, 1, 3.39%, 0, 0, 2, 467.14, 125339, 1815
284, 0, 0, 423, 423, 1, 3.40%, 0, 0, 2, 475.00, 127713, 1817
289, 0, 0, 424, 424, 1, 3.40%, 0, 0, 2, 477.56, 130115, 1817
295, 0, 0, 426, 426, 1, 3.40%, 0, 0, 2, 475.68, 132579, 1818
300, 0, 0, 428, 428, 1, 3.40%, 0, 0, 2, 473.40, 134971, 1819
305, 0, 0, 430, 430, 1, 3.41%, 0, 0, 2, 472.99, 137426, 1824
310, 0, 1, 492, 491, 0, 3.46%, 0, 0, 2, 453.51, 139673, 1854
315, 0, 8, 605, 604, 205, 3.56%, 0, 0, 2, 470.49, 142041, 1905
320, 0, 8, 606, 605, 205, 3.56%, 0, 0, 3, 474.54, 144411, 1905
325, 0, 9, 616, 614, 206, 3.56%, 0, 0, 3, 470.78, 146879, 1907
330, 0, 9, 616, 614, 206, 3.56%, 0, 0, 3, 466.89, 149244, 1907
335, 0, 9, 618, 616, 206, 3.56%, 0, 0, 3, 473.12, 151605, 1907
340, 0, 9, 618, 616, 206, 3.56%, 0, 0, 3, 471.86, 153963, 1907
345, 0, 10, 627, 624, 207, 3.57%, 0, 0, 3, 466.72, 156394, 1909
351, 0, 10, 629, 626, 207, 3.57%, 0, 0, 3, 475.70, 158868, 1909
356, 0, 11, 677, 673, 216, 3.65%, 0, 0, 3, 475.85, 161245, 1951
361, 0, 11, 677, 673, 216, 3.65%, 0, 0, 3, 474.66, 163627, 1951
366, 0, 12, 687, 682, 215, 3.67%, 0, 0, 3, 487.52, 166157, 1966
371, 0, 12, 687, 682, 215, 3.67%, 0, 0, 3, 475.38, 168529, 1966
376, 0, 12, 688, 683, 215, 3.67%, 0, 0, 3, 472.40, 170907, 1966
381, 0, 13, 699, 693, 217, 3.68%, 0, 0, 3, 478.94, 173321, 1970
386, 0, 13, 700, 694, 217, 3.69%, 0, 0, 3, 440.26, 175545, 1972
391, 0, 13, 703, 697, 217, 3.69%, 0, 0, 3, 472.92, 177977, 1972
396, 0, 13, 707, 701, 217, 3.69%, 0, 0, 3, 476.58, 180367, 1973
401, 0, 13, 708, 702, 217, 3.69%, 0, 0, 3, 479.94, 182805, 1975
406, 0, 13, 710, 704, 217, 3.69%, 0, 0, 3, 473.55, 185197, 1977
411, 0, 13, 710, 704, 217, 3.69%, 0, 0, 3, 491.46, 187771, 1977
417, 0, 13, 714, 708, 217, 3.70%, 0, 0, 3, 459.76, 190116, 1979
422, 0, 13, 714, 708, 217, 3.70%, 0, 0, 3, 456.69, 192402, 1979
427, 0, 13, 717, 711, 217, 3.70%, 0, 0, 3, 463.44, 194820, 1979
432, 0, 13, 722, 716, 217, 3.75%, 0, 0, 3, 472.80, 197281, 2008
437, 0, 13, 722, 716, 217, 3.75%, 0, 0, 3, 471.42, 199720, 2008
442, 0, 13, 724, 718, 217, 3.75%, 0, 0, 3, 474.84, 202193, 2009
447, 0, 13, 725, 719, 217, 3.76%, 0, 0, 3, 477.86, 204586, 2014
452, 0, 13, 726, 720, 217, 3.77%, 0, 0, 3, 473.95, 206970, 2020
458, 0, 13, 728, 722, 217, 3.78%, 0, 0, 3, 481.04, 209461, 2023
463, 0, 13, 728, 722, 217, 3.78%, 0, 0, 3, 460.47, 211756, 2023
468, 0, 13, 728, 722, 217, 3.78%, 0, 0, 3, 467.60, 214141, 2023
473, 0, 13, 731, 725, 217, 3.78%, 0, 0, 3, 465.19, 216487, 2024
478, 0, 13, 732, 726, 217, 3.78%, 0, 0, 3, 473.21, 218862, 2024
483, 0, 13, 733, 727, 217, 3.78%, 0, 0, 3, 475.13, 221228, 2025
488, 0, 13, 734, 728, 217, 3.78%, 0, 0, 3, 478.49, 223747, 2025
493, 0, 13, 735, 729, 217, 3.78%, 0, 0, 3, 476.20, 226149, 2025
498, 0, 13, 735, 729, 217, 3.78%, 0, 0, 3, 468.57, 228552, 2025
503, 0, 13, 735, 729, 217, 3.78%, 0, 0, 3, 465.22, 230982, 2025
508, 0, 13, 735, 729, 217, 3.78%, 0, 0, 3, 478.88, 233430, 2025
513, 0, 13, 735, 729, 217, 3.78%, 0, 0, 3, 470.03, 235815, 2025
518, 0, 13, 736, 730, 217, 3.81%, 0, 0, 3, 484.32, 238262, 2040
523, 0, 13, 737, 731, 217, 3.89%, 0, 0, 3, 483.22, 240682, 2079
529, 0, 13, 737, 731, 217, 3.89%, 0, 0, 3, 470.40, 243022, 2079
534, 0, 13, 738, 732, 217, 3.89%, 0, 0, 3, 461.47, 245433, 2079
539, 0, 13, 740, 734, 217, 3.89%, 0, 0, 3, 475.74, 247807, 2079
544, 0, 13, 743, 737, 217, 3.89%, 0, 0, 3, 485.85, 250360, 2081
549, 0, 13, 743, 737, 217, 3.89%, 0, 0, 3, 461.17, 252790, 2081
554, 0, 13, 743, 737, 217, 3.89%, 0, 0, 3, 467.26, 255139, 2081
559, 0, 13, 745, 739, 217, 3.89%, 0, 0, 3, 472.98, 257549, 2082
564, 0, 13, 745, 739, 217, 3.89%, 0, 0, 3, 433.68, 259713, 2082
569, 0, 13, 746, 740, 217, 3.89%, 0, 0, 3, 435.71, 261969, 2083
574, 0, 13, 746, 740, 217, 3.89%, 0, 0, 3, 453.61, 264298, 2083
579, 0, 13, 746, 740, 217, 3.89%, 0, 0, 3, 461.46, 266629, 2083
585, 0, 13, 746, 740, 217, 3.89%, 0, 0, 3, 471.99, 269005, 2083
590, 0, 13, 747, 741, 217, 3.90%, 0, 0, 3, 475.74, 271452, 2085
595, 0, 13, 747, 741, 217, 3.90%, 0, 0, 3, 478.11, 273864, 2085
600, 0, 13, 748, 742, 217, 3.90%, 0, 0, 3, 474.41, 276266, 2085
605, 0, 13, 753, 747, 217, 3.94%, 0, 0, 3, 478.76, 278655, 2107
610, 0, 13, 753, 747, 217, 3.94%, 0, 0, 3, 478.46, 281130, 2107
615, 0, 13, 754, 748, 217, 3.94%, 0, 0, 3, 488.71, 283577, 2107
620, 0, 13, 756, 750, 217, 3.94%, 0, 0, 3, 477.10, 286023, 2107
625, 0, 13, 757, 751, 217, 3.94%, 0, 0, 3, 480.65, 288452, 2107
630, 0, 13, 758, 752, 217, 3.94%, 0, 0, 3, 483.05, 290854, 2108
635, 0, 13, 759, 753, 217, 3.94%, 0, 0, 3, 483.45, 293274, 2108
640, 0, 13, 760, 754, 217, 3.94%, 0, 0, 3, 473.96, 295739, 2109
645, 0, 13, 761, 755, 217, 3.94%, 0, 0, 3, 481.75, 298150, 2109
650, 0, 13, 761, 755, 217, 3.94%, 0, 0, 3, 482.69, 300571, 2109
655, 0, 13, 762, 756, 217, 3.94%, 0, 0, 3, 479.02, 302973, 2109
661, 0, 13, 762, 756, 217, 3.94%, 0, 0, 3, 473.38, 305430, 2109
666, 0, 16, 851, 844, 237, 3.99%, 0, 0, 3, 467.15, 307858, 2135
671, 0, 16, 851, 844, 237, 3.99%, 0, 0, 3, 478.70, 310257, 2135
676, 0, 16, 851, 844, 237, 3.99%, 0, 0, 3, 488.78, 312692, 2135
681, 0, 23, 863, 855, 239, 4.01%, 0, 0, 3, 480.71, 315061, 2145
686, 0, 23, 863, 855, 239, 4.01%, 0, 0, 3, 461.57, 317385, 2145
691, 0, 27, 879, 870, 239, 4.02%, 0, 0, 3, 452.22, 319723, 2149
696, 0, 27, 879, 870, 239, 4.02%, 0, 0, 3, 465.34, 322067, 2149
701, 0, 34, 908, 898, 244, 4.03%, 0, 0, 3, 469.14, 324440, 2157
706, 0, 34, 908, 898, 244, 4.03%, 0, 0, 3, 467.38, 326791, 2157
711, 0, 34, 908, 898, 244, 4.03%, 0, 0, 3, 478.80, 329191, 2157
716, 0, 35, 929, 918, 244, 4.04%, 0, 0, 3, 464.23, 331584, 2164
721, 0, 35, 936, 925, 244, 4.06%, 0, 0, 3, 475.63, 333995, 2171
726, 0, 40, 946, 934, 251, 4.06%, 0, 0, 3, 474.69, 336442, 2174
731, 0, 40, 946, 934, 251, 4.06%, 0, 0, 3, 475.76, 338835, 2174
737, 0, 40, 951, 939, 251, 4.06%, 0, 0, 3, 475.21, 341313, 2175
742, 0, 40, 959, 947, 251, 4.06%, 0, 0, 3, 469.00, 343663, 2175
747, 0, 44, 977, 964, 252, 4.08%, 0, 0, 3, 477.22, 346171, 2183
752, 0, 44, 977, 964, 252, 4.08%, 0, 0, 3, 458.60, 348480, 2183
757, 0, 54, 983, 969, 251, 4.08%, 0, 0, 3, 458.33, 350791, 2183
762, 0, 54, 983, 969, 251, 4.08%, 0, 0, 3, 470.94, 353145, 2183
767, 0, 54, 983, 969, 251, 4.08%, 0, 0, 3, 482.22, 355541, 2183
772, 0, 55, 1000, 985, 251, 4.08%, 0, 0, 3, 470.82, 357895, 2185
777, 0, 55, 1001, 986, 251, 4.08%, 0, 0, 3, 465.75, 360238, 2185
782, 0, 66, 1047, 1031, 253, 4.09%, 0, 0, 3, 461.45, 362568, 2190
787, 0, 66, 1047, 1031, 253, 4.09%, 0, 0, 3, 473.17, 365038, 2190
793, 0, 67, 1053, 1036, 257, 4.10%, 0, 0, 3, 477.09, 367510, 2195
798, 0, 67, 1053, 1036, 257, 4.10%, 0, 0, 3, 478.95, 369913, 2195
803, 0, 67, 1053, 1036, 257, 4.10%, 0, 0, 3, 476.67, 372293, 2195
808, 0, 69, 1053, 1035, 256, 4.10%, 0, 0, 3, 462.06, 374592, 2195
813, 0, 69, 1053, 1035, 256, 4.10%, 0, 0, 3, 462.75, 376936, 2195
818, 0, 78, 1054, 1035, 255, 4.10%, 0, 0, 3, 476.78, 379341, 2196
823, 0, 78, 1054, 1035, 255, 4.10%, 0, 0, 3, 477.78, 381741, 2196
828, 0, 83, 1055, 1035, 254, 4.11%, 0, 0, 3, 464.85, 384069, 2198
833, 0, 83, 1056, 1036, 254, 4.11%, 0, 0, 3, 471.90, 386448, 2199
838, 0, 84, 1056, 1035, 255, 4.11%, 0, 0, 3, 471.93, 388881, 2199
843, 0, 84, 1057, 1036, 255, 4.11%, 0, 0, 3, 459.96, 391158, 2199
848, 0, 84, 1057, 1036, 255, 4.11%, 0, 0, 3, 471.77, 393560, 2199
853, 0, 86, 1058, 1036, 256, 4.11%, 0, 0, 3, 492.70, 396040, 2200
858, 0, 86, 1058, 1036, 256, 4.11%, 0, 0, 3, 496.02, 398619, 2200
863, 0, 91, 1068, 1045, 254, 4.14%, 0, 0, 3, 481.81, 401131, 2214
868, 0, 91, 1068, 1045, 254, 4.14%, 0, 0, 3, 465.76, 403480, 2214
874, 0, 91, 1069, 1046, 254, 4.15%, 0, 0, 3, 468.36, 405909, 2220
879, 0, 93, 1077, 1053, 259, 4.17%, 0, 0, 3, 469.30, 408267, 2231
884, 0, 93, 1077, 1053, 259, 4.17%, 0, 0, 3, 467.18, 410549, 2231
889, 0, 93, 1079, 1055, 259, 4.17%, 0, 0, 3, 476.92, 413032, 2231
894, 0, 93, 1079, 1055, 259, 4.17%, 0, 0, 3, 478.79, 415528, 2231
899, 0, 96, 1083, 1058, 260, 4.17%, 0, 0, 3, 466.25, 417862, 2234
904, 0, 96, 1088, 1063, 260, 4.28%, 0, 0, 3, 476.78, 420331, 2288
909, 0, 101, 1092, 1066, 258, 4.28%, 0, 0, 3, 470.82, 422689, 2288
914, 0, 101, 1094, 1068, 258, 4.28%, 0, 0, 3, 468.98, 425045, 2290
919, 0, 101, 1096, 1070, 258, 4.30%, 0, 0, 3, 463.39, 427446, 2300
924, 0, 110, 1098, 1071, 260, 4.30%, 0, 0, 3, 476.09, 429833, 2300
930, 0, 110, 1098, 1071, 260, 4.30%, 0, 0, 3, 479.91, 432243, 2300
935, 0, 110, 1106, 1079, 260, 4.35%, 0, 0, 3, 470.54, 434597, 2327
940, 0, 110, 1124, 1097, 260, 4.37%, 0, 0, 3, 433.02, 436838, 2336
945, 0, 110, 1129, 1102, 260, 4.37%, 0, 0, 3, 462.76, 439258, 2337
950, 0, 111, 1143, 1115, 265, 4.37%, 0, 0, 3, 471.73, 441670, 2338
955, 0, 111, 1145, 1117, 265, 4.37%, 0, 0, 3, 467.58, 444090, 2340
960, 0, 122, 1151, 1122, 270, 4.39%, 0, 0, 3, 474.35, 446560, 2347
965, 0, 122, 1153, 1124, 270, 4.39%, 0, 0, 3, 468.86, 448896, 2350
971, 0, 122, 1156, 1127, 270, 4.40%, 0, 0, 3, 460.78, 451328, 2357
976, 0, 123, 1160, 1130, 277, 4.42%, 0, 0, 3, 470.36, 453752, 2367
981, 0, 123, 1160, 1130, 277, 4.42%, 0, 0, 3, 474.91, 456240, 2367
986, 0, 123, 1161, 1131, 277, 4.43%, 0, 0, 3, 469.45, 458680, 2370
991, 0, 135, 1161, 1130, 278, 4.43%, 0, 0, 3, 460.18, 460984, 2370
996, 0, 135, 1162, 1131, 278, 4.43%, 0, 0, 3, 464.23, 463406, 2370
1001, 0, 135, 1163, 1132, 278, 4.43%, 0, 0, 3, 460.50, 465743, 2370
1007, 0, 138, 1165, 1133, 278, 4.43%, 0, 0, 3, 480.28, 468236, 2370
1012, 0, 160, 1165, 1132, 277, 4.43%, 0, 0, 3, 477.62, 470624, 2370
1017, 0, 161, 1165, 1131, 276, 4.43%, 0, 0, 3, 487.59, 473151, 2370
1022, 0, 161, 1165, 1131, 276, 4.43%, 0, 0, 3, 475.22, 475616, 2370
1027, 0, 162, 1165, 1130, 275, 4.43%, 0, 0, 3, 470.70, 478070, 2370
1032, 0, 162, 1165, 1130, 275, 4.43%, 0, 0, 3, 403.71, 480040, 2370
1037, 0, 162, 1169, 1134, 275, 4.44%, 0, 0, 3, 436.09, 482308, 2376
1042, 0, 162, 1170, 1135, 275, 4.44%, 0, 0, 3, 460.14, 484627, 2376
1048, 0, 162, 1170, 1135, 275, 4.44%, 0, 0, 3, 461.45, 487057, 2376
1053, 0, 162, 1171, 1136, 275, 4.44%, 0, 0, 3, 446.20, 489279, 2378
1058, 0, 162, 1171, 1136, 275, 4.44%, 0, 0, 3, 462.73, 491718, 2378
1063, 0, 162, 1172, 1137, 275, 4.44%, 0, 0, 3, 446.40, 493924, 2378
1068, 0, 162, 1172, 1137, 275, 4.44%, 0, 0, 3, 451.40, 496292, 2378
1073, 0, 162, 1172, 1137, 275, 4.44%, 0, 0, 3, 427.92, 498508, 2378
1078, 0, 162, 1172, 1137, 275, 4.44%, 0, 0, 3, 401.40, 500492, 2378
1083, 0, 162, 1172, 1137, 275, 4.44%, 0, 0, 3, 432.38, 502700, 2378
1088, 0, 162, 1173, 1138, 275, 4.44%, 0, 0, 3, 462.01, 505036, 2378
1093, 0, 162, 1174, 1139, 275, 4.45%, 0, 0, 3, 436.63, 507196, 2379
1098, 0, 162, 1174, 1139, 275, 4.45%, 0, 0, 3, 446.46, 509380, 2379
1103, 0, 162, 1174, 1139, 275, 4.45%, 0, 0, 3, 452.54, 511668, 2379
1108, 0, 162, 1174, 1139, 275, 4.45%, 0, 0, 3, 469.44, 514062, 2379
1114, 0, 162, 1174, 1139, 275, 4.45%, 0, 0, 3, 461.68, 516447, 2379
1119, 0, 162, 1174, 1139, 275, 4.45%, 0, 0, 3, 458.94, 518760, 2379
1124, 0, 162, 1174, 1139, 275, 4.45%, 0, 0, 3, 448.23, 520992, 2379
1129, 0, 162, 1174, 1139, 275, 4.45%, 0, 0, 3, 423.07, 523108, 2379
1134, 0, 162, 1174, 1139, 275, 4.45%, 0, 0, 3, 464.82, 525555, 2379
1139, 0, 162, 1174, 1139, 275, 4.45%, 0, 0, 3, 459.79, 527850, 2379
1144, 0, 162, 1174, 1139, 275, 4.45%, 0, 0, 3, 441.23, 530028, 2379
1149, 0, 162, 1174, 1139, 275, 4.45%, 0, 0, 3, 472.10, 532494, 2379
1154, 0, 162, 1174, 1139, 275, 4.45%, 0, 0, 3, 479.90, 534897, 2379
1159, 0, 162, 1175, 1140, 275, 4.45%, 0, 0, 3, 466.61, 537308, 2380
1165, 0, 162, 1176, 1141, 275, 4.45%, 0, 0, 3, 467.63, 539728, 2380
1170, 0, 162, 1176, 1141, 275, 4.45%, 0, 0, 3, 472.66, 542140, 2380
1175, 0, 162, 1177, 1142, 275, 4.45%, 0, 0, 3, 478.04, 544605, 2380
1180, 0, 162, 1177, 1142, 275, 4.45%, 0, 0, 3, 480.84, 547107, 2380
1185, 0, 162, 1178, 1143, 275, 4.45%, 0, 0, 3, 478.54, 549608, 2382
1190, 0, 162, 1178, 1143, 275, 4.45%, 0, 0, 3, 478.16, 552083, 2382
1196, 0, 162, 1178, 1143, 275, 4.45%, 0, 0, 3, 467.92, 554504, 2382
1201, 0, 162, 1179, 1144, 275, 4.45%, 0, 0, 3, 470.09, 556951, 2382
1206, 0, 162, 1180, 1145, 275, 4.45%, 0, 0, 3, 465.11, 559299, 2382
1211, 0, 162, 1180, 1145, 275, 4.45%, 0, 0, 3, 467.80, 561666, 2382
1216, 0, 162, 1180, 1145, 275, 4.45%, 0, 0, 3, 473.69, 564060, 2382
1221, 0, 162, 1181, 1146, 275, 4.47%, 0, 0, 3, 475.41, 566534, 2390
1226, 0, 162, 1181, 1146, 275, 4.47%, 0, 0, 3, 474.03, 568901, 2390
1231, 0, 162, 1181, 1146, 275, 4.47%, 0, 0, 3, 461.14, 571223, 2390
1236, 0, 162, 1181, 1146, 275, 4.47%, 0, 0, 3, 466.97, 573635, 2390
1241, 0, 162, 1182, 1147, 275, 4.47%, 0, 0, 3, 472.00, 576082, 2390
1247, 0, 162, 1182, 1147, 275, 4.47%, 0, 0, 3, 474.64, 578566, 2390
1252, 0, 162, 1182, 1147, 275, 4.47%, 0, 0, 3, 468.60, 580897, 2390
1257, 0, 162, 1182, 1147, 275, 4.47%, 0, 0, 3, 475.43, 583399, 2390
1262, 0, 162, 1183, 1148, 275, 4.47%, 0, 0, 3, 470.11, 585738, 2392
1267, 0, 162, 1183, 1148, 275, 4.47%, 0, 0, 3, 475.80, 588132, 2392
1272, 0, 162, 1183, 1148, 275, 4.47%, 0, 0, 3, 476.16, 590535, 2392
1277, 0, 162, 1184, 1149, 275, 4.48%, 0, 0, 3, 479.58, 592946, 2396
1282, 0, 162, 1184, 1149, 275, 4.48%, 0, 0, 3, 475.34, 595331, 2396
1287, 0, 162, 1184, 1149, 275, 4.48%, 0, 0, 3, 476.15, 597779, 2396
1292, 0, 162, 1184, 1149, 275, 4.48%, 0, 0, 3, 464.02, 600155, 2396
1297, 0, 162, 1184, 1149, 275, 4.48%, 0, 0, 3, 474.04, 602513, 2396
1302, 0, 162, 1184, 1149, 275, 4.48%, 0, 0, 3, 485.29, 604961, 2396
1307, 0, 162, 1184, 1149, 275, 4.48%, 0, 0, 3, 463.86, 607283, 2396
1313, 0, 162, 1185, 1150, 275, 4.48%, 0, 0, 3, 442.94, 609620, 2396
1318, 0, 162, 1185, 1150, 275, 4.48%, 0, 0, 3, 453.90, 611917, 2396
1323, 0, 163, 1328, 1292, 274, 4.62%, 0, 0, 3, 424.99, 614105, 2473
1328, 0, 163, 1348, 1312, 280, 4.68%, 0, 0, 3, 455.41, 616415, 2504
1333, 0, 165, 1353, 1316, 283, 4.68%, 0, 0, 3, 463.45, 618824, 2507
1338, 0, 165, 1353, 1316, 283, 4.68%, 0, 0, 3, 460.56, 621099, 2507
1343, 0, 165, 1353, 1316, 283, 4.68%, 0, 0, 3, 471.02, 623563, 2507
1348, 0, 165, 1353, 1316, 283, 4.68%, 0, 0, 3, 452.56, 625829, 2507
1354, 0, 165, 1353, 1316, 283, 4.68%, 0, 0, 3, 467.33, 628277, 2507
1359, 0, 167, 1359, 1321, 282, 4.69%, 0, 0, 3, 463.32, 630612, 2508
1364, 0, 171, 1361, 1322, 282, 4.69%, 0, 0, 3, 468.03, 633018, 2509
1369, 0, 173, 1361, 1321, 281, 4.69%, 0, 0, 3, 493.34, 635594, 2509
1374, 0, 173, 1361, 1321, 281, 4.69%, 0, 0, 3, 478.33, 638023, 2509
1379, 0, 176, 1363, 1322, 280, 4.69%, 0, 0, 3, 473.40, 640491, 2509
1384, 0, 176, 1363, 1322, 280, 4.69%, 0, 0, 3, 462.72, 642867, 2509
1389, 0, 176, 1363, 1322, 280, 4.69%, 0, 0, 3, 469.86, 645234, 2509
1394, 0, 176, 1363, 1322, 280, 4.69%, 0, 0, 3, 462.12, 647552, 2509
1400, 0, 176, 1363, 1322, 280, 4.69%, 0, 0, 3, 469.91, 650005, 2509
1405, 0, 185, 1371, 1329, 282, 4.69%, 0, 0, 3, 473.57, 652398, 2512
1410, 0, 185, 1372, 1330, 282, 4.69%, 0, 0, 3, 479.23, 654805, 2512
1415, 0, 186, 1375, 1332, 283, 4.71%, 0, 0, 3, 452.15, 657146, 2518
1420, 0, 186, 1375, 1332, 283, 4.71%, 0, 0, 3, 456.17, 659436, 2518
1425, 0, 186, 1375, 1332, 283, 4.71%, 0, 0, 3, 460.67, 661751, 2518
1430, 0, 190, 1376, 1332, 282, 4.71%, 0, 0, 3, 463.56, 664166, 2518
1435, 0, 190, 1380, 1336, 282, 4.72%, 0, 0, 3, 466.56, 666522, 2528
1440, 0, 190, 1389, 1345, 282, 4.77%, 0, 0, 3, 483.54, 668981, 2552
1445, 0, 190, 1390, 1346, 282, 4.77%, 0, 0, 3, 477.03, 671446, 2552
1450, 0, 196, 1393, 1348, 286, 4.77%, 0, 0, 3, 480.65, 673860, 2552
1455, 0, 201, 1394, 1348, 285, 4.77%, 0, 0, 3, 481.07, 676290, 2552
1460, 0, 201, 1397, 1351, 285, 4.77%, 0, 0, 3, 481.79, 678686, 2555
1465, 0, 211, 1397, 1350, 285, 4.77%, 0, 0, 3, 476.26, 681057, 2555
1470, 0, 218, 1409, 1361, 285, 4.78%, 0, 0, 3, 468.20, 683401, 2559
1476, 0, 218, 1409, 1361, 285, 4.78%, 0, 0, 3, 479.14, 685905, 2559
1481, 0, 228, 1415, 1366, 284, 4.78%, 0, 0, 3, 485.70, 688407, 2559
1486, 0, 230, 1417, 1367, 289, 4.79%, 0, 0, 3, 488.96, 690988, 2562
1491, 0, 230, 1417, 1367, 289, 4.79%, 0, 0, 3, 479.67, 693357, 2562
1496, 0, 240, 1417, 1366, 288, 4.79%, 0, 0, 3, 483.00, 695771, 2562
1501, 0, 240, 1417, 1366, 288, 4.79%, 0, 0, 3, 419.74, 697792, 2562
1506, 0, 240, 1417, 1366, 288, 4.79%, 0, 0, 3, 447.34, 700056, 2562
1511, 0, 256, 1423, 1371, 288, 4.79%, 0, 0, 3, 447.79, 702326, 2564
1516, 0, 256, 1423, 1371, 288, 4.79%, 0, 0, 3, 397.80, 704344, 2564
1521, 0, 256, 1427, 1375, 288, 4.80%, 0, 0, 3, 418.04, 706520, 2571
1526, 0, 256, 1444, 1392, 288, 4.81%, 0, 0, 3, 404.32, 708536, 2573
1531, 0, 256, 1451, 1399, 288, 4.81%, 0, 0, 3, 406.34, 710576, 2574
1536, 0, 267, 1454, 1401, 292, 4.81%, 0, 0, 3, 434.47, 712782, 2574
1542, 0, 267, 1455, 1402, 292, 4.81%, 0, 0, 3, 420.94, 714948, 2575
1547, 0, 267, 1456, 1403, 292, 4.82%, 0, 0, 3, 467.60, 717333, 2578
1552, 0, 268, 1462, 1408, 293, 4.82%, 0, 0, 3, 485.95, 719860, 2579
1557, 0, 277, 1468, 1413, 295, 4.83%, 0, 0, 3, 482.52, 722389, 2583
1562, 0, 277, 1469, 1414, 295, 4.83%, 0, 0, 3, 473.75, 724767, 2584
1567, 0, 286, 1473, 1417, 296, 4.83%, 0, 0, 3, 472.85, 727225, 2585
1572, 0, 286, 1473, 1417, 296, 4.83%, 0, 0, 3, 480.10, 729612, 2585
1577, 0, 287, 1474, 1417, 295, 4.83%, 0, 0, 3, 472.67, 731987, 2585
1582, 0, 287, 1474, 1417, 295, 4.83%, 0, 0, 3, 466.65, 734330, 2585
1587, 0, 297, 1474, 1416, 294, 4.83%, 0, 0, 3, 422.46, 736439, 2585
1593, 0, 297, 1474, 1416, 294, 4.83%, 0, 0, 3, 443.99, 738775, 2585
1598, 0, 297, 1474, 1416, 294, 4.83%, 0, 0, 3, 344.95, 740439, 2585
1603, 0, 297, 1474, 1416, 294, 4.83%, 0, 0, 3, 399.26, 742595, 2585
1608, 0, 299, 1477, 1418, 293, 4.83%, 0, 0, 3, 410.85, 744614, 2585
1613, 0, 299, 1477, 1418, 293, 4.83%, 0, 0, 3, 447.12, 746975, 2585
1618, 0, 299, 1479, 1420, 293, 4.83%, 0, 0, 3, 451.52, 749312, 2585
1623, 0, 299, 1479, 1420, 293, 4.83%, 0, 0, 3, 398.22, 751272, 2585
1629, 0, 301, 1483, 1423, 292, 4.83%, 0, 0, 3, 420.53, 753427, 2585
1634, 0, 301, 1483, 1423, 292, 4.83%, 0, 0, 3, 434.27, 755567, 2585
1639, 0, 301, 1483, 1423, 292, 4.83%, 0, 0, 3, 446.72, 757875, 2585
1644, 0, 303, 1491, 1430, 292, 4.83%, 0, 0, 3, 443.99, 760179, 2585
1649, 0, 303, 1492, 1431, 292, 4.83%, 0, 0, 3, 406.97, 762150, 2586
1654, 0, 309, 1498, 1436, 292, 4.83%, 0, 0, 3, 442.10, 764433, 2586
1659, 0, 309, 1498, 1436, 292, 4.83%, 0, 0, 3, 447.08, 766767, 2586
1664, 0, 309, 1498, 1436, 292, 4.83%, 0, 0, 3, 436.96, 768873, 2586
1669, 0, 313, 1501, 1438, 291, 4.84%, 0, 0, 3, 445.01, 771204, 2592
1675, 0, 322, 1501, 1437, 290, 4.84%, 0, 0, 3, 431.26, 773476, 2592
1680, 0, 322, 1501, 1437, 290, 4.84%, 0, 0, 3, 400.47, 775485, 2592
1685, 0, 322, 1501, 1437, 290, 4.84%, 0, 0, 3, 400.66, 777513, 2592
1690, 0, 327, 1502, 1437, 289, 4.84%, 0, 0, 3, 379.42, 779403, 2592
1695, 0, 330, 1506, 1440, 288, 4.84%, 0, 0, 3, 412.58, 781524, 2592
1700, 0, 330, 1506, 1440, 288, 4.84%, 0, 0, 3, 438.86, 783819, 2592
1705, 0, 338, 1507, 1440, 287, 4.84%, 0, 0, 3, 429.85, 785997, 2592
1710, 0, 338, 1507, 1440, 287, 4.84%, 0, 0, 3, 409.20, 788034, 2592
1715, 0, 338, 1507, 1440, 287, 4.84%, 0, 0, 3, 434.99, 790238, 2592
1720, 0, 338, 1510, 1443, 287, 4.85%, 0, 0, 3, 448.28, 792575, 2595
1725, 0, 338, 1512, 1445, 287, 4.85%, 0, 0, 3, 442.67, 794870, 2596
1731, 0, 342, 1518, 1450, 293, 4.86%, 0, 0, 3, 455.99, 797264, 2602
1736, 0, 342, 1518, 1450, 293, 4.86%, 0, 0, 3, 448.07, 799481, 2602
1741, 0, 342, 1518, 1450, 293, 4.86%, 0, 0, 3, 450.74, 801709, 2602
1746, 0, 343, 1520, 1451, 293, 4.86%, 0, 0, 3, 403.54, 803705, 2603
1751, 0, 343, 1520, 1451, 293, 4.86%, 0, 0, 3, 441.15, 805993, 2603
1756, 0, 343, 1520, 1451, 293, 4.86%, 0, 0, 3, 453.66, 808282, 2603
1761, 0, 343, 1521, 1452, 293, 4.87%, 0, 0, 3, 457.95, 810661, 2605
1766, 0, 347, 1522, 1452, 293, 4.87%, 0, 0, 3, 430.01, 812740, 2605
1771, 0, 357, 1522, 1451, 292, 4.87%, 0, 0, 3, 447.23, 815005, 2605
1776, 0, 357, 1522, 1451, 292, 4.87%, 0, 0, 3, 438.66, 817245, 2605
1781, 0, 358, 1522, 1450, 291, 4.87%, 0, 0, 3, 423.66, 819309, 2605
1786, 0, 358, 1522, 1450, 291, 4.87%, 0, 0, 3, 419.72, 821427, 2605
1791, 0, 358, 1524, 1452, 291, 4.87%, 0, 0, 3, 424.55, 823568, 2606
1796, 0, 358, 1525, 1453, 291, 4.87%, 0, 0, 3, 429.88, 825680, 2607
1801, 0, 358, 1525, 1453, 291, 4.87%, 0, 0, 3, 445.14, 827936, 2607
1806, 0, 358, 1525, 1453, 291, 4.87%, 0, 0, 3, 437.39, 830192, 2607
1811, 0, 361, 1530, 1457, 294, 4.88%, 0, 0, 3, 435.81, 832366, 2611
1816, 0, 361, 1530, 1457, 294, 4.88%, 0, 0, 3, 409.84, 834471, 2611
1822, 0, 366, 1532, 1458, 292, 4.88%, 0, 0, 3, 417.32, 836655, 2611
1827, 0, 366, 1533, 1459, 292, 4.88%, 0, 0, 3, 391.64, 838646, 2612
1832, 0, 372, 1533, 1458, 292, 4.88%, 0, 0, 3, 407.33, 840793, 2612
1837, 0, 373, 1537, 1461, 291, 4.88%, 0, 0, 3, 400.79, 842828, 2613
1842, 0, 373, 1538, 1462, 291, 4.88%, 0, 0, 3, 395.72, 844824, 2613
1847, 0, 374, 1538, 1461, 291, 4.88%, 0, 0, 3, 417.85, 847032, 2613
1852, 0, 374, 1538, 1461, 291, 4.88%, 0, 0, 3, 407.45, 849098, 2613
1857, 0, 374, 1539, 1462, 291, 4.89%, 0, 0, 3, 426.97, 851229, 2617
1863, 0, 377, 1539, 1461, 291, 4.89%, 0, 0, 3, 399.91, 853269, 2617
1868, 0, 377, 1539, 1461, 291, 4.89%, 0, 0, 3, 402.69, 855327, 2617
1873, 0, 378, 1540, 1461, 290, 4.89%, 0, 0, 3, 433.58, 857558, 2617
1878, 0, 378, 1540, 1461, 290, 4.89%, 0, 0, 3, 418.27, 859688, 2617
1883, 0, 378, 1542, 1463, 290, 4.89%, 0, 0, 3, 434.79, 861937, 2619
1888, 0, 378, 1542, 1463, 290, 4.89%, 0, 0, 3, 424.52, 864181, 2619
1894, 0, 381, 1548, 1468, 291, 4.90%, 0, 0, 3, 423.28, 866381, 2620
1899, 0, 383, 1550, 1469, 291, 4.90%, 0, 0, 3, 409.75, 868458, 2621
1904, 0, 383, 1550, 1469, 291, 4.90%, 0, 0, 3, 412.76, 870559, 2621
1909, 0, 383, 1550, 1469, 291, 4.90%, 0, 0, 3, 414.14, 872625, 2621
1914, 0, 384, 1568, 1486, 291, 4.91%, 0, 0, 3, 429.00, 874789, 2625
1919, 0, 384, 1568, 1486, 291, 4.91%, 0, 0, 3, 443.65, 877041, 2625
1924, 0, 388, 1597, 1514, 296, 4.92%, 0, 0, 3, 426.76, 879273, 2634
1929, 0, 388, 1598, 1515, 296, 4.93%, 0, 0, 3, 415.78, 881379, 2636
1934, 0, 396, 1608, 1524, 298, 4.94%, 0, 0, 3, 446.35, 883705, 2642
1939, 0, 396, 1608, 1524, 298, 4.94%, 0, 0, 3, 417.66, 885705, 2642
1945, 0, 396, 1609, 1525, 298, 4.94%, 0, 0, 3, 425.96, 887842, 2642
1950, 0, 397, 1610, 1525, 297, 4.94%, 0, 0, 3, 461.11, 890205, 2642
1955, 0, 397, 1610, 1525, 297, 4.94%, 0, 0, 3, 463.74, 892525, 2642
1960, 0, 401, 1616, 1530, 296, 4.94%, 0, 0, 3, 439.14, 894750, 2642
1965, 0, 401, 1616, 1530, 296, 4.94%, 0, 0, 3, 465.25, 897129, 2642
1970, 0, 404, 1624, 1537, 297, 4.94%, 0, 0, 3, 461.88, 899523, 2645
1975, 0, 404, 1624, 1537, 297, 4.94%, 0, 0, 3, 468.26, 901886, 2645
1980, 0, 409, 1629, 1541, 296, 4.94%, 0, 0, 3, 457.49, 904167, 2645
1985, 0, 409, 1630, 1542, 296, 4.94%, 0, 0, 3, 468.86, 906618, 2645
1990, 0, 412, 1630, 1541, 295, 4.94%, 0, 0, 3, 460.85, 908942, 2645
1995, 0, 412, 1630, 1541, 295, 4.94%, 0, 0, 3, 469.12, 911377, 2645
2000, 0, 412, 1630, 1541, 295, 4.94%, 0, 0, 3, 461.08, 913692, 2645
2005, 0, 412, 1630, 1541, 295, 4.94%, 0, 0, 3, 466.29, 916125, 2645
2010, 0, 412, 1630, 1541, 295, 4.94%, 0, 0, 3, 468.37, 918468, 2645
2016, 0, 412, 1630, 1541, 295, 4.94%, 0, 0, 3, 461.66, 920823, 2645
2021, 0, 417, 1635, 1545, 295, 4.94%, 0, 0, 3, 457.28, 923206, 2646
2026, 0, 417, 1635, 1545, 295, 4.94%, 0, 0, 3, 469.68, 925639, 2646
2031, 0, 421, 1635, 1544, 294, 4.94%, 0, 0, 3, 470.64, 927991, 2646
2036, 0, 421, 1636, 1545, 294, 4.94%, 0, 0, 3, 473.95, 930465, 2646
2041, 0, 422, 1639, 1547, 293, 4.94%, 0, 0, 3, 466.74, 932796, 2646
2046, 0, 422, 1639, 1547, 293, 4.94%, 0, 0, 3, 473.62, 935193, 2646
2051, 0, 424, 1639, 1546, 292, 4.94%, 0, 0, 3, 441.03, 937402, 2646
2056, 0, 428, 1640, 1546, 291, 4.94%, 0, 0, 3, 410.41, 939464, 2646
2061, 0, 428, 1640, 1546, 291, 4.94%, 0, 0, 3, 387.25, 941428, 2646
2066, 0, 428, 1640, 1546, 291, 4.94%, 0, 0, 3, 435.24, 943731, 2646
2072, 0, 428, 1640, 1546, 291, 4.94%, 0, 0, 3, 435.17, 945988, 2646
2077, 0, 430, 1648, 1553, 290, 4.94%, 0, 0, 3, 431.98, 948217, 2646
2082, 0, 430, 1648, 1553, 290, 4.94%, 0, 0, 3, 439.05, 950393, 2646
2087, 0, 430, 1649, 1554, 290, 4.95%, 0, 0, 3, 409.38, 952390, 2647
2092, 0, 441, 1653, 1557, 290, 4.95%, 0, 0, 3, 447.18, 954746, 2647
2097, 0, 441, 1653, 1557, 290, 4.95%, 0, 0, 3, 449.73, 956988, 2647
2102, 0, 446, 1656, 1559, 289, 4.95%, 0, 0, 3, 445.47, 959136, 2647
2107, 0, 446, 1660, 1563, 289, 4.96%, 0, 0, 3, 444.71, 961382, 2653
2112, 0, 446, 1660, 1563, 289, 4.96%, 0, 0, 3, 436.93, 963561, 2653
2117, 0, 455, 1664, 1566, 292, 4.96%, 0, 0, 3, 453.28, 965849, 2653
2122, 0, 455, 1664, 1566, 292, 4.96%, 0, 0, 3, 425.95, 967974, 2653
2127, 0, 456, 1671, 1572, 291, 4.96%, 0, 0, 3, 407.67, 970095, 2654
2132, 0, 460, 1686, 1587, 291, 4.96%, 0, 0, 3, 418.74, 972202, 2656
2137, 0, 468, 1692, 1592, 294, 4.97%, 0, 0, 3, 460.66, 974610, 2662
2142, 0, 468, 1692, 1592, 294, 4.97%, 0, 0, 3, 478.45, 977001, 2662
2148, 0, 468, 1692, 1592, 294, 4.97%, 0, 0, 3, 491.99, 979560, 2662
2153, 0, 468, 1692, 1592, 294, 4.97%, 0, 0, 3, 501.43, 982154, 2662
2158, 0, 468, 1692, 1592, 294, 4.97%, 0, 0, 3, 493.38, 984695, 2662
2163, 0, 468, 1692, 1592, 294, 4.97%, 0, 0, 3, 495.28, 987269, 2662
2168, 0, 468, 1692, 1592, 294, 4.97%, 0, 0, 3, 490.97, 989824, 2662
2173, 0, 470, 1729, 1628, 309, 5.09%, 0, 0, 3, 475.16, 992189, 2723
2179, 0, 470, 1729, 1628, 309, 5.09%, 0, 0, 3, 465.93, 994583, 2723
2184, 0, 470, 1729, 1628, 309, 5.09%, 0, 0, 3, 467.92, 996911, 2723
2189, 0, 470, 1729, 1628, 309, 5.09%, 0, 0, 3, 478.12, 999323, 2723
2194, 0, 470, 1729, 1628, 309, 5.09%, 0, 0, 3, 464.64, 1001674, 2723
2199, 0, 470, 1729, 1628, 309, 5.09%, 0, 0, 3, 455.88, 1004023, 2723
2204, 0, 470, 1729, 1628, 309, 5.09%, 0, 0, 3, 454.73, 1006267, 2723
2209, 0, 470, 1729, 1628, 309, 5.09%, 0, 0, 3, 466.83, 1008634, 2723
2214, 0, 470, 1731, 1630, 309, 5.09%, 0, 0, 3, 474.84, 1011048, 2723
2219, 0, 470, 1732, 1631, 309, 5.09%, 0, 0, 3, 476.76, 1013433, 2723
2224, 0, 472, 1749, 1647, 310, 5.11%, 0, 0, 3, 461.46, 1015807, 2733
2229, 0, 472, 1749, 1647, 310, 5.11%, 0, 0, 3, 464.51, 1018221, 2733
2234, 0, 472, 1749, 1647, 310, 5.11%, 0, 0, 3, 467.55, 1020525, 2733
2239, 0, 472, 1749, 1647, 310, 5.11%, 0, 0, 3, 471.51, 1022887, 2733
2245, 0, 472, 1749, 1647, 310, 5.11%, 0, 0, 3, 472.30, 1025347, 2733
2250, 0, 472, 1749, 1647, 310, 5.11%, 0, 0, 3, 467.35, 1027687, 2733
2255, 0, 472, 1749, 1647, 310, 5.11%, 0, 0, 3, 461.05, 1030081, 2733
2260, 0, 472, 1749, 1647, 310, 5.11%, 0, 0, 3, 454.17, 1032376, 2733
2265, 0, 472, 1749, 1647, 310, 5.11%, 0, 0, 3, 476.90, 1034779, 2733
2270, 0, 472, 1749, 1647, 310, 5.11%, 0, 0, 3, 472.19, 1037230, 2733
2275, 0, 472, 1749, 1647, 310, 5.11%, 0, 0, 3, 465.21, 1039669, 2733
2280, 0, 472, 1749, 1647, 310, 5.11%, 0, 0, 3, 464.30, 1042054, 2733
2285, 0, 472, 1749, 1647, 310, 5.11%, 0, 0, 3, 463.19, 1044382, 2733
2290, 0, 472, 1749, 1647, 310, 5.11%, 0, 0, 3, 457.07, 1046677, 2733
2296, 0, 472, 1749, 1647, 310, 5.11%, 0, 0, 3, 458.94, 1049080, 2733
2301, 0, 472, 1751, 1649, 310, 5.11%, 0, 0, 3, 472.14, 1051487, 2733
2306, 0, 472, 1752, 1650, 310, 5.11%, 0, 0, 3, 463.10, 1053816, 2733
2311, 0, 475, 1816, 1713, 325, 5.15%, 0, 0, 3, 442.06, 1056095, 2757
2316, 0, 475, 1816, 1713, 325, 5.15%, 0, 0, 3, 421.44, 1058150, 2757
2321, 0, 477, 1818, 1714, 324, 5.15%, 0, 0, 3, 442.33, 1060479, 2757
2326, 0, 478, 1818, 1713, 323, 5.15%, 0, 0, 3, 460.59, 1062912, 2757
2332, 0, 478, 1818, 1713, 323, 5.15%, 0, 0, 3, 463.30, 1065350, 2757
2337, 0, 481, 1832, 1726, 329, 5.18%, 0, 0, 3, 472.19, 1067827, 2770
2342, 0, 481, 1832, 1726, 329, 5.18%, 0, 0, 3, 471.65, 1070270, 2770
2347, 0, 481, 1835, 1729, 329, 5.23%, 0, 0, 3, 460.23, 1072681, 2797
2352, 0, 481, 1835, 1729, 329, 5.23%, 0, 0, 3, 456.48, 1074982, 2797
2357, 0, 481, 1836, 1730, 329, 5.23%, 0, 0, 3, 470.98, 1077439, 2797
2362, 0, 481, 1837, 1731, 329, 5.23%, 0, 0, 3, 440.29, 1079670, 2797
2367, 0, 482, 1849, 1742, 335, 5.24%, 0, 0, 3, 462.69, 1082038, 2803
2373, 0, 482, 1850, 1743, 335, 5.24%, 0, 0, 3, 464.79, 1084444, 2804
2378, 0, 484, 1852, 1744, 336, 5.24%, 0, 0, 3, 466.23, 1086812, 2805
2383, 0, 484, 1852, 1744, 336, 5.24%, 0, 0, 3, 462.22, 1089196, 2805
2388, 0, 484, 1852, 1744, 336, 5.24%, 0, 0, 3, 459.32, 1091532, 2805
2393, 0, 484, 1859, 1751, 336, 5.25%, 0, 0, 3, 449.86, 1093834, 2811
2398, 0, 484, 1868, 1760, 336, 5.25%, 0, 0, 3, 454.51, 1096084, 2812
2403, 0, 488, 1877, 1768, 339, 5.26%, 0, 0, 3, 468.91, 1098441, 2813
2408, 0, 488, 1877, 1768, 339, 5.26%, 0, 0, 3, 475.01, 1100833, 2813
2413, 0, 488, 1877, 1768, 339, 5.26%, 0, 0, 3, 462.28, 1103133, 2813
2418, 0, 488, 1877, 1768, 339, 5.26%, 0, 0, 3, 469.15, 1105511, 2813
2423, 0, 488, 1877, 1768, 339, 5.26%, 0, 0, 3, 465.66, 1107857, 2813
2428, 0, 489, 1888, 1778, 339, 5.28%, 0, 0, 3, 465.89, 1110273, 2823
2433, 0, 489, 1900, 1790, 345, 5.28%, 0, 0, 3, 471.88, 1112694, 2828
2439, 0, 489, 1900, 1790, 345, 5.28%, 0, 0, 3, 462.07, 1115114, 2828
2444, 0, 489, 1900, 1790, 345, 5.28%, 0, 0, 3, 471.88, 1117564, 2828
2449, 0, 496, 1900, 1789, 344, 5.28%, 0, 0, 3, 464.73, 1119960, 2828
2454, 0, 496, 1900, 1789, 344, 5.28%, 0, 0, 3, 473.70, 1122429, 2828
2459, 0, 503, 1900, 1788, 343, 5.28%, 0, 0, 3, 478.49, 1124819, 2828
2464, 0, 512, 1900, 1787, 342, 5.28%, 0, 0, 3, 478.27, 1127311, 2828
2469, 0, 512, 1900, 1787, 342, 5.28%, 0, 0, 3, 477.56, 1129723, 2828
2474, 0, 512, 1900, 1787, 342, 5.28%, 0, 0, 3, 468.63, 1132076, 2828
2479, 0, 512, 1900, 1787, 342, 5.28%, 0, 0, 3, 472.95, 1134459, 2828
2485, 0, 512, 1900, 1787, 342, 5.28%, 0, 0, 3, 480.50, 1136892, 2828
2490, 0, 512, 1900, 1787, 342, 5.28%, 0, 0, 3, 475.44, 1139274, 2828
2495, 0, 514, 1900, 1786, 341, 5.28%, 0, 0, 3, 488.93, 1141808, 2828
2500, 0, 516, 1901, 1786, 340, 5.28%, 0, 0, 3, 475.59, 1144162, 2828
2505, 0, 523, 1902, 1786, 339, 5.28%, 0, 0, 3, 469.71, 1146488, 2828
2510, 0, 523, 1902, 1786, 339, 5.28%, 0, 0, 3, 468.19, 1148857, 2828
2515, 0, 525, 1908, 1791, 339, 5.29%, 0, 0, 3, 464.60, 1151257, 2829
2520, 0, 526, 1914, 1796, 339, 5.29%, 0, 0, 3, 471.02, 1153634, 2830
2525, 0, 526, 1915, 1797, 339, 5.30%, 0, 0, 3, 474.99, 1156099, 2834
2530, 0, 527, 1916, 1797, 339, 5.30%, 0, 0, 3, 435.99, 1158296, 2835
2535, 0, 527, 1916, 1797, 339, 5.30%, 0, 0, 3, 422.76, 1160504, 2835
2541, 0, 527, 1916, 1797, 339, 5.30%, 0, 0, 3, 439.38, 1162786, 2835
2546, 0, 527, 1916, 1797, 339, 5.30%, 0, 0, 3, 419.16, 1164878, 2835
2551, 0, 527, 1916, 1797, 339, 5.30%, 0, 0, 3, 440.24, 1167195, 2835
2556, 0, 531, 1918, 1798, 338, 5.30%, 0, 0, 3, 435.80, 1169353, 2835
2561, 0, 531, 1918, 1798, 338, 5.30%, 0, 0, 3, 426.32, 1171527, 2835
2566, 0, 536, 1920, 1799, 338, 5.30%, 0, 0, 3, 450.71, 1173867, 2836
2571, 0, 536, 1920, 1799, 338, 5.30%, 0, 0, 3, 465.00, 1176205, 2836
2576, 0, 542, 1921, 1799, 337, 5.30%, 0, 0, 3, 463.03, 1178619, 2836
2581, 0, 546, 1921, 1798, 336, 5.30%, 0, 0, 3, 459.28, 1180937, 2836
2587, 0, 546, 1921, 1798, 336, 5.30%, 0, 0, 3, 471.67, 1183394, 2836
2592, 0, 546, 1930, 1807, 336, 5.31%, 0, 0, 3, 448.81, 1185638, 2840
2597, 0, 546, 1940, 1817, 336, 5.32%, 0, 0, 3, 464.91, 1188031, 2846
2602, 0, 550, 1945, 1821, 341, 5.32%, 0, 0, 3, 463.13, 1190442, 2847
2607, 0, 553, 1949, 1824, 341, 5.33%, 0, 0, 3, 458.55, 1192740, 2850
2612, 0, 553, 1949, 1824, 341, 5.33%, 0, 0, 3, 460.11, 1195063, 2850
2617, 0, 553, 1949, 1824, 341, 5.33%, 0, 0, 3, 465.59, 1197481, 2850
2622, 0, 553, 1949, 1824, 341, 5.33%, 0, 0, 3, 457.58, 1199768, 2850
2627, 0, 553, 1949, 1824, 341, 5.33%, 0, 0, 3, 465.85, 1202195, 2850
2632, 0, 553, 1949, 1824, 341, 5.33%, 0, 0, 3, 458.68, 1204499, 2850
2637, 0, 553, 1949, 1824, 341, 5.33%, 0, 0, 3, 465.30, 1206824, 2850
2643, 0, 564, 1959, 1833, 343, 5.36%, 0, 0, 3, 472.43, 1209258, 2867
2648, 0, 564, 1959, 1833, 343, 5.36%, 0, 0, 3, 464.58, 1211593, 2867
2653, 0, 569, 1960, 1833, 343, 5.36%, 0, 0, 3, 455.76, 1213963, 2867
2658, 0, 569, 1960, 1833, 343, 5.36%, 0, 0, 3, 463.52, 1216376, 2867
2663, 0, 569, 1960, 1833, 343, 5.36%, 0, 0, 3, 460.80, 1218694, 2867
2668, 0, 569, 1960, 1833, 343, 5.36%, 0, 0, 3, 465.18, 1221109, 2867
2673, 0, 570, 1964, 1836, 342, 5.36%, 0, 0, 3, 463.58, 1223507, 2867
2679, 0, 570, 1964, 1836, 342, 5.36%, 0, 0, 3, 464.87, 1225919, 2867
2684, 0, 570, 1964, 1836, 342, 5.36%, 0, 0, 3, 455.98, 1228184, 2867
2689, 0, 571, 1970, 1841, 347, 5.37%, 0, 0, 3, 463.17, 1230523, 2873
2694, 0, 571, 1970, 1841, 347, 5.37%, 0, 0, 3, 456.96, 1232911, 2873
2699, 0, 571, 1970, 1841, 347, 5.37%, 0, 0, 3, 463.52, 1235248, 2873
2704, 0, 576, 1972, 1842, 346, 5.37%, 0, 0, 3, 461.13, 1237574, 2873
2709, 0, 576, 1973, 1843, 346, 5.37%, 0, 0, 3, 466.11, 1239923, 2873
2714, 0, 581, 1973, 1842, 345, 5.37%, 0, 0, 3, 461.57, 1242213, 2873
2719, 0, 581, 1973, 1842, 345, 5.37%, 0, 0, 3, 456.79, 1244588, 2873
2724, 0, 584, 1974, 1842, 345, 5.37%, 0, 0, 3, 461.64, 1246914, 2874
2729, 0, 584, 1974, 1842, 345, 5.37%, 0, 0, 3, 467.87, 1249348, 2874
2735, 0, 584, 1974, 1842, 345, 5.37%, 0, 0, 3, 464.78, 1251768, 2874
2740, 0, 587, 1975, 1842, 344, 5.37%, 0, 0, 3, 461.29, 1254177, 2874
2745, 0, 587, 1975, 1842, 344, 5.37%, 0, 0, 3, 458.05, 1256493, 2874
2750, 0, 588, 1976, 1842, 344, 5.39%, 0, 0, 3, 466.26, 1258836, 2883
2755, 0, 588, 1976, 1842, 344, 5.39%, 0, 0, 3, 448.91, 1261175, 2883
2760, 0, 592, 1980, 1845, 344, 5.39%, 0, 0, 3, 455.18, 1263550, 2886
2765, 0, 592, 1980, 1845, 344, 5.39%, 0, 0, 3, 463.60, 1265868, 2886
2770, 0, 592, 1980, 1845, 344, 5.39%, 0, 0, 3, 472.29, 1268301, 2886
2775, 0, 598, 1981, 1845, 343, 5.39%, 0, 0, 3, 455.51, 1270557, 2886
2781, 0, 598, 1981, 1845, 343, 5.39%, 0, 0, 3, 473.04, 1273006, 2886
2786, 0, 598, 1981, 1845, 343, 5.39%, 0, 0, 3, 463.36, 1275343, 2886
2791, 0, 598, 1981, 1845, 343, 5.39%, 0, 0, 3, 455.64, 1277633, 2886
2796, 0, 604, 2008, 1871, 354, 5.46%, 0, 0, 3, 448.55, 1279906, 2923
2801, 0, 604, 2008, 1871, 354, 5.46%, 0, 0, 3, 459.21, 1282323, 2923
2806, 0, 604, 2008, 1871, 354, 5.46%, 0, 0, 3, 415.15, 1284395, 2923
2811, 0, 604, 2008, 1871, 354, 5.46%, 0, 0, 3, 423.47, 1286670, 2923
2816, 0, 609, 2017, 1879, 358, 5.48%, 0, 0, 3, 422.63, 1288846, 2932
2821, 0, 609, 2017, 1879, 358, 5.48%, 0, 0, 3, 439.76, 1291140, 2932
2827, 0, 609, 2017, 1879, 358, 5.48%, 0, 0, 3, 436.68, 1293348, 2932
2832, 0, 609, 2017, 1879, 358, 5.48%, 0, 0, 3, 437.49, 1295551, 2932
2837, 0, 609, 2017, 1879, 358, 5.48%, 0, 0, 3, 428.55, 1297791, 2932
2842, 0, 609, 2017, 1879, 358, 5.48%, 0, 0, 3, 429.30, 1300037, 2932
2847, 0, 609, 2017, 1879, 358, 5.48%, 0, 0, 3, 409.30, 1302181, 2932
2852, 0, 609, 2017, 1879, 358, 5.48%, 0, 0, 3, 370.31, 1303997, 2932
2857, 0, 609, 2017, 1879, 358, 5.48%, 0, 0, 3, 373.47, 1305817, 2932
2862, 0, 609, 2017, 1879, 358, 5.48%, 0, 0, 3, 398.36, 1307930, 2932
2867, 0, 609, 2017, 1879, 358, 5.48%, 0, 0, 3, 400.72, 1309950, 2932
2873, 0, 609, 2017, 1879, 358, 5.48%, 0, 0, 3, 399.30, 1312038, 2932
2878, 0, 609, 2017, 1879, 358, 5.48%, 0, 0, 3, 458.15, 1314470, 2932
2883, 0, 609, 2017, 1879, 358, 5.48%, 0, 0, 3, 463.79, 1316900, 2932
2888, 0, 609, 2017, 1879, 358, 5.48%, 0, 0, 3, 463.55, 1319232, 2932
2893, 0, 609, 2017, 1879, 358, 5.48%, 0, 0, 3, 468.22, 1321599, 2932
2898, 0, 610, 2058, 1919, 375, 5.60%, 0, 0, 3, 468.67, 1324052, 2997
2903, 0, 610, 2058, 1919, 375, 5.60%, 0, 0, 3, 468.16, 1326482, 2997
2909, 0, 610, 2058, 1919, 375, 5.60%, 0, 0, 3, 474.07, 1328856, 2997
2914, 0, 615, 2067, 1927, 377, 5.62%, 0, 0, 3, 466.40, 1331199, 3005
2919, 0, 615, 2067, 1927, 377, 5.62%, 0, 0, 3, 472.96, 1333567, 3005
2924, 0, 615, 2067, 1927, 377, 5.62%, 0, 0, 3, 462.95, 1335883, 3005
2929, 0, 615, 2067, 1927, 377, 5.62%, 0, 0, 3, 467.24, 1338232, 3005
2934, 0, 631, 2074, 1933, 376, 5.62%, 0, 0, 3, 464.47, 1340618, 3006
2939, 0, 631, 2074, 1933, 376, 5.62%, 0, 0, 3, 460.47, 1342977, 3006
2944, 0, 631, 2075, 1934, 376, 5.62%, 0, 0, 3, 462.53, 1345305, 3007
2949, 0, 631, 2075, 1934, 376, 5.62%, 0, 0, 3, 479.68, 1347717, 3007
2954, 0, 634, 2083, 1941, 377, 5.62%, 0, 0, 3, 473.36, 1350173, 3007
2959, 0, 634, 2083, 1941, 377, 5.62%, 0, 0, 3, 472.98, 1352523, 3007
2964, 0, 634, 2083, 1941, 377, 5.62%, 0, 0, 3, 481.89, 1354960, 3007
2969, 0, 635, 2087, 1944, 377, 5.63%, 0, 0, 3, 480.90, 1357369, 3012
2974, 0, 635, 2087, 1944, 377, 5.63%, 0, 0, 3, 473.57, 1359824, 3012
2980, 0, 635, 2087, 1944, 377, 5.63%, 0, 0, 3, 459.70, 1362196, 3012
2985, 0, 640, 2089, 1945, 377, 5.63%, 0, 0, 3, 468.42, 1364583, 3014
2990, 0, 640, 2089, 1945, 377, 5.63%, 0, 0, 3, 463.69, 1366987, 3014
2995, 0, 640, 2089, 1945, 377, 5.63%, 0, 0, 3, 468.08, 1369372, 3014
3000, 0, 640, 2089, 1945, 377, 5.63%, 0, 0, 3, 474.93, 1371748, 3014
3005, 0, 640, 2089, 1945, 377, 5.63%, 0, 0, 3, 471.05, 1374174, 3014
3010, 0, 641, 2095, 1950, 379, 5.65%, 0, 0, 3, 478.07, 1376599, 3023
3015, 0, 647, 2101, 1955, 380, 5.65%, 0, 0, 3, 473.77, 1379075, 3026
3021, 0, 647, 2101, 1955, 380, 5.65%, 0, 0, 3, 470.48, 1381541, 3026
3026, 0, 647, 2101, 1955, 380, 5.65%, 0, 0, 3, 481.97, 1384022, 3026
3031, 0, 656, 2106, 1959, 381, 5.66%, 0, 0, 3, 456.89, 1386334, 3029
3036, 0, 656, 2106, 1959, 381, 5.66%, 0, 0, 3, 478.10, 1388844, 3029
3041, 0, 661, 2110, 1962, 381, 5.66%, 0, 0, 3, 476.66, 1391332, 3030
3046, 0, 661, 2110, 1962, 381, 5.66%, 0, 0, 3, 470.11, 1393704, 3030
3051, 0, 668, 2112, 1963, 380, 5.66%, 0, 0, 3, 480.98, 1396220, 3030
3057, 0, 668, 2112, 1963, 380, 5.66%, 0, 0, 3, 476.72, 1398696, 3030
3062, 0, 668, 2112, 1963, 380, 5.66%, 0, 0, 3, 482.93, 1401123, 3030
3067, 0, 668, 2112, 1963, 380, 5.66%, 0, 0, 3, 472.47, 1403566, 3030
3072, 0, 668, 2112, 1963, 380, 5.66%, 0, 0, 3, 467.91, 1405900, 3030
3077, 0, 668, 2112, 1963, 380, 5.66%, 0, 0, 3, 471.76, 1408276, 3030
3082, 0, 668, 2112, 1963, 380, 5.66%, 0, 0, 3, 468.46, 1410727, 3030
3087, 0, 668, 2112, 1963, 380, 5.66%, 0, 0, 3, 469.37, 1413166, 3030
3092, 0, 670, 2131, 1981, 379, 5.66%, 0, 0, 3, 459.60, 1415505, 3031
3098, 0, 670, 2131, 1981, 379, 5.66%, 0, 0, 3, 478.38, 1417987, 3031
3103, 0, 670, 2131, 1981, 379, 5.66%, 0, 0, 3, 473.24, 1420344, 3031
3108, 0, 672, 2135, 1984, 379, 5.66%, 0, 0, 3, 467.83, 1422695, 3031
3113, 0, 672, 2135, 1984, 379, 5.66%, 0, 0, 3, 484.21, 1425138, 3031
3118, 0, 673, 2137, 1985, 378, 5.66%, 0, 0, 3, 479.44, 1427528, 3031
3123, 0, 675, 2141, 1988, 376, 5.66%, 0, 0, 3, 478.63, 1429960, 3031
3128, 0, 675, 2141, 1988, 376, 5.66%, 0, 0, 3, 471.65, 1432376, 3031
3133, 0, 675, 2141, 1988, 376, 5.66%, 0, 0, 3, 472.14, 1434767, 3031
3138, 0, 676, 2146, 1992, 375, 5.67%, 0, 0, 3, 476.59, 1437236, 3033
3143, 0, 676, 2148, 1994, 375, 5.67%, 0, 0, 3, 482.91, 1439744, 3035
3148, 0, 688, 2149, 1994, 375, 5.67%, 0, 0, 3, 476.15, 1442229, 3035
3154, 0, 688, 2149, 1994, 375, 5.67%, 0, 0, 3, 476.45, 1444719, 3035
3159, 0, 692, 2150, 1994, 374, 5.67%, 0, 0, 3, 472.28, 1447107, 3035
3164, 0, 692, 2150, 1994, 374, 5.67%, 0, 0, 3, 461.79, 1449460, 3035
3169, 0, 692, 2150, 1994, 374, 5.67%, 0, 0, 3, 466.88, 1451806, 3035
3174, 0, 693, 2154, 1997, 373, 5.67%, 0, 0, 3, 484.51, 1454245, 3036
3179, 0, 694, 2157, 2000, 377, 5.68%, 0, 0, 3, 482.50, 1456661, 3039
3184, 0, 694, 2157, 2000, 377, 5.68%, 0, 0, 3, 480.23, 1459069, 3039
3189, 0, 695, 2158, 2000, 376, 5.68%, 0, 0, 3, 470.70, 1461422, 3039
3194, 0, 695, 2158, 2000, 376, 5.68%, 0, 0, 3, 467.52, 1463858, 3039
3199, 0, 695, 2161, 2003, 376, 5.68%, 0, 0, 3, 466.77, 1466196, 3039
3204, 0, 706, 2162, 2003, 374, 5.68%, 0, 0, 3, 478.42, 1468597, 3039
3209, 0, 706, 2162, 2003, 374, 5.68%, 0, 0, 3, 477.22, 1470971, 3039
3214, 0, 706, 2162, 2003, 374, 5.68%, 0, 0, 3, 478.11, 1473447, 3039
3220, 0, 707, 2163, 2003, 373, 5.68%, 0, 0, 4, 476.17, 1475898, 3040
3225, 0, 708, 2163, 2002, 372, 5.68%, 0, 0, 4, 480.16, 1478412, 3040
3230, 0, 708, 2163, 2002, 372, 5.68%, 0, 0, 4, 484.12, 1480895, 3040
3235, 0, 710, 2164, 2002, 371, 5.68%, 0, 0, 4, 479.43, 1483285, 3040
3240, 0, 710, 2168, 2006, 371, 5.69%, 0, 0, 4, 479.52, 1485682, 3045
3245, 0, 710, 2168, 2006, 371, 5.69%, 0, 0, 4, 475.17, 1488077, 3045
3250, 0, 714, 2169, 2006, 374, 5.69%, 0, 0, 4, 485.16, 1490515, 3045
3255, 0, 714, 2174, 2011, 374, 5.70%, 0, 0, 4, 474.68, 1492886, 3049
3260, 0, 718, 2179, 2015, 379, 5.70%, 0, 0, 4, 466.88, 1495245, 3052
3265, 0, 718, 2179, 2015, 379, 5.70%, 0, 0, 4, 479.16, 1497662, 3052
3270, 0, 719, 2186, 2021, 383, 5.72%, 0, 0, 4, 445.60, 1499939, 3060
3275, 0, 719, 2186, 2021, 383, 5.72%, 0, 0, 4, 443.64, 1502156, 3060
3280, 0, 719, 2186, 2021, 383, 5.72%, 0, 0, 4, 446.35, 1504461, 3060
3285, 0, 719, 2187, 2022, 383, 5.72%, 0, 0, 4, 461.82, 1506764, 3060
3291, 0, 723, 2197, 2031, 387, 5.73%, 0, 0, 4, 475.91, 1509207, 3064
3296, 0, 723, 2197, 2031, 387, 5.73%, 0, 0, 4, 473.45, 1511593, 3064
3301, 0, 723, 2197, 2031, 387, 5.73%, 0, 0, 4, 481.05, 1514026, 3064
3306, 0, 726, 2201, 2034, 386, 5.73%, 0, 0, 4, 483.46, 1516542, 3064
3311, 0, 726, 2202, 2035, 386, 5.73%, 0, 0, 4, 473.16, 1518910, 3065
3316, 0, 726, 2202, 2035, 386, 5.73%, 0, 0, 4, 478.61, 1521408, 3065
3321, 0, 726, 2202, 2035, 386, 5.73%, 0, 0, 4, 464.05, 1523710, 3065
3326, 0, 726, 2202, 2035, 386, 5.73%, 0, 0, 4, 471.58, 1526095, 3065
3331, 0, 726, 2202, 2035, 386, 5.73%, 0, 0, 4, 476.37, 1528561, 3065
3336, 0, 740, 2206, 2038, 385, 5.73%, 0, 0, 4, 485.14, 1530968, 3065
3341, 0, 740, 2206, 2038, 385, 5.73%, 0, 0, 4, 490.13, 1533451, 3065
3347, 0, 741, 2209, 2040, 383, 5.73%, 0, 0, 4, 483.26, 1535937, 3068
3352, 0, 741, 2209, 2040, 383, 5.73%, 0, 0, 4, 483.13, 1538443, 3068
3357, 0, 744, 2216, 2046, 383, 5.74%, 0, 0, 4, 485.88, 1540989, 3069
3362, 0, 744, 2216, 2046, 383, 5.74%, 0, 0, 4, 480.92, 1543503, 3069
3367, 0, 744, 2216, 2046, 383, 5.74%, 0, 0, 4, 485.46, 1545950, 3069
3372, 0, 757, 2225, 2054, 381, 5.74%, 0, 0, 4, 487.85, 1548406, 3074
3377, 0, 757, 2225, 2054, 381, 5.74%, 0, 0, 4, 464.16, 1550752, 3074
3382, 0, 757, 2225, 2054, 381, 5.74%, 0, 0, 4, 475.39, 1553158, 3074
3387, 0, 757, 2225, 2054, 381, 5.74%, 0, 0, 4, 485.30, 1555622, 3074
3393, 0, 757, 2225, 2054, 381, 5.74%, 0, 0, 4, 476.18, 1558084, 3074
3398, 0, 757, 2225, 2054, 381, 5.74%, 0, 0, 4, 480.25, 1560514, 3074
3403, 0, 757, 2225, 2054, 381, 5.74%, 0, 0, 4, 486.27, 1563043, 3074
3408, 0, 759, 2234, 2062, 381, 5.75%, 0, 0, 4, 457.81, 1565353, 3078
3413, 0, 759, 2234, 2062, 381, 5.75%, 0, 0, 4, 479.13, 1567867, 3078
3418, 0, 759, 2235, 2063, 381, 5.75%, 0, 0, 4, 478.62, 1570257, 3078
3423, 0, 770, 2246, 2073, 381, 5.76%, 0, 0, 4, 487.18, 1572690, 3080
3428, 0, 770, 2246, 2073, 381, 5.76%, 0, 0, 4, 488.15, 1575230, 3080
3434, 0, 774, 2249, 2075, 378, 5.76%, 0, 0, 4, 484.96, 1577715, 3081
3439, 0, 774, 2249, 2075, 378, 5.76%, 0, 0, 4, 476.82, 1580114, 3081
3444, 0, 779, 2249, 2074, 377, 5.76%, 0, 0, 4, 484.59, 1582559, 3081
3449, 0, 779, 2249, 2074, 377, 5.76%, 0, 0, 4, 476.52, 1585018, 3081
3454, 0, 779, 2249, 2074, 377, 5.76%, 0, 0, 4, 476.98, 1587487, 3081
3459, 0, 779, 2249, 2074, 377, 5.76%, 0, 0, 4, 474.95, 1589970, 3081
3464, 0, 782, 2251, 2075, 376, 5.76%, 0, 0, 4, 470.39, 1592298, 3081
3469, 0, 795, 2253, 2076, 375, 5.76%, 0, 0, 4, 472.79, 1594703, 3081
3475, 0, 795, 2254, 2077, 375, 5.76%, 0, 0, 4, 478.94, 1597202, 3081
3480, 0, 798, 2256, 2078, 374, 5.76%, 0, 0, 4, 469.65, 1599616, 3081
3485, 0, 798, 2256, 2078, 374, 5.76%, 0, 0, 4, 476.07, 1602007, 3081
3490, 0, 798, 2256, 2078, 374, 5.76%, 0, 0, 4, 472.79, 1604457, 3081
3495, 0, 798, 2256, 2078, 374, 5.76%, 0, 0, 4, 463.62, 1606853, 3081
3500, 0, 802, 2257, 2078, 373, 5.76%, 0, 0, 4, 457.16, 1609129, 3081
3505, 0, 802, 2257, 2078, 373, 5.76%, 0, 0, 4, 467.31, 1611484, 3081
3510, 0, 807, 2265, 2085, 377, 5.77%, 0, 0, 4, 469.13, 1613905, 3090
3516, 0, 807, 2265, 2085, 377, 5.77%, 0, 0, 4, 459.48, 1616258, 3090
3521, 0, 807, 2265, 2085, 377, 5.77%, 0, 0, 4, 462.16, 1618571, 3090
3526, 0, 807, 2266, 2086, 377, 5.77%, 0, 0, 4, 404.45, 1620679, 3090
3531, 0, 815, 2267, 2086, 377, 5.78%, 0, 0, 4, 425.57, 1622752, 3091
3536, 0, 815, 2267, 2086, 377, 5.78%, 0, 0, 4, 456.94, 1625116, 3091
3541, 0, 815, 2267, 2086, 377, 5.78%, 0, 0, 4, 466.13, 1627474, 3091
3546, 0, 815, 2267, 2086, 377, 5.78%, 0, 0, 4, 474.37, 1629884, 3091
3551, 0, 815, 2267, 2086, 377, 5.78%, 0, 0, 4, 467.04, 1632227, 3091
3556, 0, 815, 2267, 2086, 377, 5.78%, 0, 0, 4, 478.34, 1634663, 3091
3561, 0, 815, 2267, 2086, 377, 5.78%, 0, 0, 4, 467.71, 1636987, 3091
3566, 0, 815, 2267, 2086, 377, 5.78%, 0, 0, 4, 465.24, 1639320, 3091
3571, 0, 815, 2267, 2086, 377, 5.78%, 0, 0, 4, 463.95, 1641651, 3091
3576, 0, 815, 2267, 2086, 377, 5.78%, 0, 0, 4, 463.61, 1644009, 3091
3581, 0, 815, 2267, 2086, 377, 5.78%, 0, 0, 4, 476.72, 1646493, 3091
3586, 0, 815, 2267, 2086, 377, 5.78%, 0, 0, 4, 461.62, 1648770, 3091
3591, 0, 815, 2267, 2086, 377, 5.78%, 0, 0, 4, 462.03, 1651059, 3091
3597, 0, 815, 2267, 2086, 377, 5.78%, 0, 0, 4, 455.13, 1653426, 3091
3602, 0, 815, 2267, 2086, 377, 5.78%, 0, 0, 4, 474.00, 1655928, 3091
3607, 0, 815, 2267, 2086, 377, 5.78%, 0, 0, 4, 467.80, 1658349, 3091
3612, 0, 815, 2267, 2086, 377, 5.78%, 0, 0, 4, 468.27, 1660707, 3091
3617, 0, 820, 2280, 2098, 380, 5.80%, 0, 0, 4, 467.84, 1663078, 3103
3622, 0, 820, 2280, 2098, 380, 5.80%, 0, 0, 4, 476.71, 1665565, 3103
3627, 0, 820, 2280, 2098, 380, 5.80%, 0, 0, 4, 464.88, 1667885, 3103
3632, 0, 820, 2280, 2098, 380, 5.80%, 0, 0, 4, 463.68, 1670205, 3103
3638, 0, 833, 2291, 2108, 382, 5.81%, 0, 0, 4, 469.18, 1672673, 3111
3643, 0, 833, 2292, 2109, 382, 5.82%, 0, 0, 4, 462.04, 1674985, 3112
3648, 0, 833, 2292, 2109, 382, 5.82%, 0, 0, 4, 452.65, 1677249, 3112
3653, 0, 833, 2292, 2109, 382, 5.82%, 0, 0, 4, 460.57, 1679587, 3112
3658, 0, 836, 2299, 2115, 381, 5.82%, 0, 0, 4, 461.41, 1681987, 3112
3663, 0, 836, 2299, 2115, 381, 5.82%, 0, 0, 4, 446.78, 1684209, 3112
3668, 0, 836, 2299, 2115, 381, 5.82%, 0, 0, 4, 459.65, 1686515, 3112
3673, 0, 836, 2299, 2115, 381, 5.82%, 0, 0, 4, 456.11, 1688813, 3112
3678, 0, 836, 2299, 2115, 381, 5.82%, 0, 0, 4, 449.58, 1691105, 3112
3683, 0, 836, 2299, 2115, 381, 5.82%, 0, 0, 4, 455.94, 1693379, 3112
3688, 0, 836, 2299, 2115, 381, 5.82%, 0, 0, 4, 465.65, 1695794, 3112
3693, 0, 836, 2299, 2115, 381, 5.82%, 0, 0, 4, 464.21, 1698134, 3112
3698, 0, 836, 2299, 2115, 381, 5.82%, 0, 0, 4, 456.44, 1700468, 3112
3703, 0, 836, 2299, 2115, 381, 5.82%, 0, 0, 4, 450.06, 1702712, 3112
3708, 0, 836, 2299, 2115, 381, 5.82%, 0, 0, 4, 455.78, 1705103, 3112
3714, 0, 836, 2299, 2115, 381, 5.82%, 0, 0, 4, 462.64, 1707458, 3112
3719, 0, 836, 2299, 2115, 381, 5.82%, 0, 0, 4, 452.96, 1709692, 3112
3724, 0, 836, 2299, 2115, 381, 5.82%, 0, 0, 4, 457.51, 1712003, 3112
3729, 0, 836, 2299, 2115, 381, 5.82%, 0, 0, 4, 453.55, 1714289, 3112
3734, 0, 836, 2299, 2115, 381, 5.82%, 0, 0, 4, 448.57, 1716612, 3112
3739, 0, 842, 2318, 2133, 384, 5.82%, 0, 0, 4, 438.29, 1718908, 3117
3744, 0, 842, 2318, 2133, 384, 5.82%, 0, 0, 4, 451.84, 1721201, 3117
3749, 0, 842, 2318, 2133, 384, 5.82%, 0, 0, 4, 458.02, 1723588, 3117
3754, 0, 842, 2318, 2133, 384, 5.82%, 0, 0, 4, 452.86, 1725874, 3117
3759, 0, 842, 2318, 2133, 384, 5.82%, 0, 0, 4, 451.79, 1728167, 3117
3764, 0, 842, 2318, 2133, 384, 5.82%, 0, 0, 4, 435.88, 1730358, 3117
3770, 0, 842, 2318, 2133, 384, 5.82%, 0, 0, 4, 436.70, 1732634, 3117
3775, 0, 842, 2318, 2133, 384, 5.82%, 0, 0, 4, 451.99, 1734954, 3117
3780, 0, 842, 2318, 2133, 384, 5.82%, 0, 0, 4, 450.94, 1737217, 3117
3785, 0, 842, 2318, 2133, 384, 5.82%, 0, 0, 4, 457.64, 1739539, 3117
3790, 0, 842, 2318, 2133, 384, 5.82%, 0, 0, 4, 453.38, 1741906, 3117
3795, 0, 842, 2318, 2133, 384, 5.82%, 0, 0, 4, 462.81, 1744216, 3117
3800, 0, 842, 2318, 2133, 384, 5.82%, 0, 0, 4, 456.08, 1746556, 3117
3805, 0, 842, 2318, 2133, 384, 5.82%, 0, 0, 4, 451.87, 1748851, 3117
3810, 0, 842, 2320, 2135, 384, 5.82%, 0, 0, 4, 464.00, 1751252, 3117
3816, 0, 842, 2325, 2140, 384, 5.83%, 0, 0, 4, 459.02, 1753641, 3118
3821, 0, 842, 2325, 2140, 384, 5.83%, 0, 0, 4, 472.19, 1756098, 3118
3826, 0, 842, 2325, 2140, 384, 5.83%, 0, 0, 4, 471.67, 1758483, 3118
3831, 0, 842, 2325, 2140, 384, 5.83%, 0, 0, 4, 462.35, 1760796, 3118
3836, 0, 842, 2325, 2140, 384, 5.83%, 0, 0, 4, 449.55, 1763037, 3118
3841, 0, 842, 2325, 2140, 384, 5.83%, 0, 0, 4, 456.64, 1765397, 3118
3846, 0, 847, 2343, 2157, 389, 5.83%, 0, 0, 4, 456.07, 1767781, 3121
3851, 0, 847, 2343, 2157, 389, 5.83%, 0, 0, 4, 471.18, 1770148, 3121
3857, 0, 847, 2343, 2157, 389, 5.83%, 0, 0, 4, 470.03, 1772587, 3121
3862, 0, 847, 2343, 2157, 389, 5.83%, 0, 0, 4, 455.47, 1774900, 3121
3867, 0, 847, 2343, 2157, 389, 5.83%, 0, 0, 4, 469.07, 1777253, 3121
3872, 0, 847, 2343, 2157, 389, 5.83%, 0, 0, 4, 481.11, 1779708, 3121
3877, 0, 847, 2343, 2157, 389, 5.83%, 0, 0, 4, 479.18, 1782111, 3121
3882, 0, 847, 2343, 2157, 389, 5.83%, 0, 0, 4, 473.52, 1784527, 3121
3887, 0, 847, 2343, 2157, 389, 5.83%, 0, 0, 4, 472.29, 1786921, 3121
3892, 0, 847, 2343, 2157, 389, 5.83%, 0, 0, 4, 465.92, 1789279, 3121
3897, 0, 847, 2343, 2157, 389, 5.83%, 0, 0, 4, 460.42, 1791625, 3121
3902, 0, 847, 2343, 2157, 389, 5.83%, 0, 0, 4, 472.06, 1793992, 3121
3907, 0, 847, 2343, 2157, 389, 5.83%, 0, 0, 4, 463.71, 1796314, 3121
3912, 0, 847, 2343, 2157, 389, 5.83%, 0, 0, 4, 470.12, 1798690, 3121
3917, 0, 847, 2343, 2157, 389, 5.83%, 0, 0, 4, 482.92, 1801120, 3121
3922, 0, 847, 2343, 2157, 389, 5.83%, 0, 0, 4, 471.72, 1803550, 3121
3927, 0, 847, 2343, 2157, 389, 5.83%, 0, 0, 4, 475.43, 1805953, 3121
3932, 0, 847, 2343, 2157, 389, 5.83%, 0, 0, 4, 474.42, 1808320, 3121
3937, 0, 847, 2344, 2158, 389, 5.83%, 0, 0, 4, 474.80, 1810712, 3121
3942, 0, 847, 2345, 2159, 389, 5.83%, 0, 0, 4, 469.03, 1813060, 3121
3947, 0, 849, 2362, 2175, 389, 5.84%, 0, 0, 4, 475.79, 1815528, 3123
3952, 0, 849, 2362, 2175, 389, 5.84%, 0, 0, 4, 463.71, 1817846, 3123
3958, 0, 849, 2362, 2175, 389, 5.84%, 0, 0, 4, 468.88, 1820213, 3123
3963, 0, 849, 2362, 2175, 389, 5.84%, 0, 0, 4, 473.74, 1822618, 3123
3968, 0, 849, 2362, 2175, 389, 5.84%, 0, 0, 4, 466.54, 1824952, 3123
3973, 0, 849, 2362, 2175, 389, 5.84%, 0, 0, 4, 470.27, 1827336, 3123
3978, 0, 849, 2362, 2175, 389, 5.84%, 0, 0, 4, 465.20, 1829703, 3123
3983, 0, 849, 2362, 2175, 389, 5.84%, 0, 0, 4, 459.15, 1832034, 3123
3988, 0, 849, 2362, 2175, 389, 5.84%, 0, 0, 4, 467.38, 1834419, 3123
3993, 0, 849, 2362, 2175, 389, 5.84%, 0, 0, 4, 464.03, 1836762, 3123
3998, 0, 849, 2362, 2175, 389, 5.84%, 0, 0, 4, 467.03, 1839084, 3123
4003, 0, 849, 2363, 2176, 389, 5.84%, 0, 0, 4, 479.02, 1841513, 3123
4008, 0, 849, 2363, 2176, 389, 5.84%, 0, 0, 4, 473.38, 1843961, 3123
4013, 0, 849, 2363, 2176, 389, 5.84%, 0, 0, 4, 476.20, 1846349, 3123
4018, 0, 860, 2393, 2205, 394, 5.85%, 0, 0, 4, 498.78, 1848922, 3131
4023, 0, 860, 2393, 2205, 394, 5.85%, 0, 0, 4, 500.79, 1851423, 3131
4028, 0, 860, 2393, 2205, 394, 5.85%, 0, 0, 4, 514.40, 1854035, 3131
4034, 0, 860, 2393, 2205, 394, 5.85%, 0, 0, 4, 509.65, 1856689, 3131
4039, 0, 860, 2393, 2205, 394, 5.85%, 0, 0, 4, 516.96, 1859273, 3131
4044, 0, 860, 2393, 2205, 394, 5.85%, 0, 0, 4, 507.64, 1861801, 3131
4049, 0, 860, 2393, 2205, 394, 5.85%, 0, 0, 4, 519.19, 1864491, 3131
4054, 0, 860, 2393, 2205, 394, 5.85%, 0, 0, 4, 501.03, 1866980, 3131
4059, 0, 860, 2393, 2205, 394, 5.85%, 0, 0, 4, 505.73, 1869532, 3131
4064, 0, 860, 2393, 2205, 394, 5.85%, 0, 0, 4, 493.78, 1871969, 3131
4069, 0, 860, 2393, 2205, 394, 5.85%, 0, 0, 4, 492.86, 1874435, 3131
4074, 0, 860, 2393, 2205, 394, 5.85%, 0, 0, 4, 507.00, 1876992, 3131
4079, 0, 860, 2393, 2205, 394, 5.85%, 0, 0, 4, 501.84, 1879512, 3131
4084, 0, 860, 2393, 2205, 394, 5.85%, 0, 0, 4, 496.11, 1882018, 3131
4089, 0, 869, 2408, 2219, 401, 5.88%, 0, 0, 4, 487.74, 1884450, 3145
4094, 0, 869, 2408, 2219, 401, 5.88%, 0, 0, 4, 479.54, 1886915, 3145
4099, 0, 869, 2408, 2219, 401, 5.88%, 0, 0, 4, 469.21, 1889248, 3145
4104, 0, 869, 2410, 2221, 401, 5.88%, 0, 0, 4, 463.10, 1891628, 3148
4109, 0, 869, 2411, 2222, 401, 5.89%, 0, 0, 4, 458.80, 1893962, 3152
4114, 0, 870, 2419, 2229, 400, 5.91%, 0, 0, 4, 479.35, 1896406, 3160
4119, 0, 874, 2420, 2230, 404, 5.91%, 0, 0, 4, 448.43, 1898633, 3160
4125, 0, 874, 2420, 2230, 404, 5.91%, 0, 0, 4, 452.08, 1900958, 3160
4130, 0, 874, 2420, 2230, 404, 5.91%, 0, 0, 4, 458.07, 1903344, 3160
4135, 0, 874, 2420, 2230, 404, 5.91%, 0, 0, 4, 449.85, 1905681, 3160
4140, 0, 874, 2421, 2231, 404, 5.91%, 0, 0, 4, 461.18, 1908008, 3160
4145, 0, 881, 2423, 2232, 404, 5.91%, 0, 0, 4, 472.63, 1910430, 3160
4150, 0, 881, 2423, 2232, 404, 5.91%, 0, 0, 4, 474.74, 1912781, 3160
4155, 0, 881, 2432, 2241, 404, 5.91%, 0, 0, 4, 451.48, 1915018, 3160
4160, 0, 881, 2436, 2245, 404, 5.91%, 0, 0, 4, 444.65, 1917225, 3160
4165, 0, 912, 2443, 2251, 408, 5.92%, 0, 0, 4, 457.48, 1919509, 3166
4171, 0, 912, 2444, 2252, 408, 5.92%, 0, 0, 4, 470.83, 1921950, 3167
4176, 0, 912, 2444, 2252, 408, 5.92%, 0, 0, 4, 466.88, 1924290, 3167
4181, 0, 918, 2447, 2254, 410, 5.92%, 0, 0, 4, 457.67, 1926703, 3170
4186, 0, 918, 2447, 2254, 410, 5.92%, 0, 0, 4, 451.56, 1928972, 3170
4191, 0, 918, 2447, 2254, 410, 5.92%, 0, 0, 4, 442.29, 1931263, 3170
4196, 0, 918, 2447, 2254, 410, 5.92%, 0, 0, 4, 436.29, 1933449, 3170
4201, 0, 918, 2447, 2254, 410, 5.92%, 0, 0, 4, 442.73, 1935713, 3170
4206, 0, 918, 2447, 2254, 410, 5.92%, 0, 0, 4, 434.56, 1937885, 3170
4211, 0, 918, 2448, 2255, 410, 5.92%, 0, 0, 4, 437.82, 1940102, 3170
4216, 0, 918, 2448, 2255, 410, 5.92%, 0, 0, 4, 440.64, 1942382, 3170
4221, 0, 918, 2448, 2255, 410, 5.92%, 0, 0, 4, 445.05, 1944618, 3170
4226, 0, 918, 2449, 2256, 410, 5.92%, 0, 0, 4, 439.62, 1946874, 3170
4232, 0, 918, 2449, 2256, 410, 5.92%, 0, 0, 4, 443.30, 1949186, 3170
4237, 0, 918, 2449, 2256, 410, 5.92%, 0, 0, 4, 435.53, 1951421, 3170
4242, 0, 918, 2451, 2258, 410, 5.92%, 0, 0, 4, 447.42, 1953757, 3170
4247, 0, 929, 2469, 2275, 413, 5.94%, 0, 0, 4, 468.78, 1956194, 3181
4252, 0, 929, 2469, 2275, 413, 5.94%, 0, 0, 4, 471.81, 1958575, 3181
4257, 0, 929, 2470, 2276, 413, 5.95%, 0, 0, 4, 472.47, 1961038, 3182
4262, 0, 929, 2470, 2276, 413, 5.95%, 0, 0, 4, 476.90, 1963447, 3182
4268, 0, 930, 2474, 2279, 414, 5.98%, 0, 0, 4, 482.56, 1965963, 3200
4273, 0, 930, 2474, 2279, 414, 5.98%, 0, 0, 4, 476.42, 1968369, 3200
4278, 0, 930, 2474, 2279, 414, 5.98%, 0, 0, 4, 472.65, 1970757, 3200
4283, 0, 930, 2474, 2279, 414, 5.98%, 0, 0, 4, 473.48, 1973173, 3200
4288, 0, 932, 2480, 2284, 416, 6.01%, 0, 0, 4, 474.87, 1975583, 3214
4293, 0, 932, 2481, 2285, 416, 6.01%, 0, 0, 4, 479.06, 1977980, 3215
4298, 0, 932, 2482, 2286, 416, 6.01%, 0, 0, 4, 470.64, 1980340, 3215
4303, 0, 932, 2483, 2287, 416, 6.01%, 0, 0, 4, 467.85, 1982784, 3217
4308, 0, 933, 2488, 2291, 424, 6.03%, 0, 0, 4, 472.04, 1985145, 3229
4313, 0, 933, 2490, 2293, 424, 6.04%, 0, 0, 4, 448.79, 1987399, 3231
4318, 0, 933, 2490, 2293, 424, 6.04%, 0, 0, 4, 473.61, 1989790, 3231
4323, 0, 933, 2492, 2295, 424, 6.04%, 0, 0, 4, 469.43, 1992125, 3233
4328, 0, 933, 2492, 2295, 424, 6.04%, 0, 0, 4, 481.85, 1994636, 3233
4333, 0, 934, 2500, 2302, 429, 6.05%, 0, 0, 4, 474.29, 1997016, 3240
4339, 0, 934, 2500, 2302, 429, 6.05%, 0, 0, 4, 473.03, 1999463, 3240
4344, 0, 934, 2502, 2304, 429, 6.06%, 0, 0, 4, 468.92, 2001876, 3241
4349, 0, 934, 2502, 2304, 429, 6.06%, 0, 0, 4, 471.86, 2004261, 3241
4354, 0, 936, 2502, 2303, 431, 6.06%, 0, 0, 4, 477.07, 2006725, 3241
4359, 0, 936, 2502, 2303, 431, 6.06%, 0, 0, 4, 475.41, 2009092, 3241
4364, 0, 936, 2502, 2303, 431, 6.06%, 0, 0, 4, 474.81, 2011504, 3241
4369, 0, 936, 2502, 2303, 431, 6.06%, 0, 0, 4, 467.42, 2013835, 3241
4374, 0, 936, 2502, 2303, 431, 6.06%, 0, 0, 4, 469.17, 2016181, 3241
4379, 0, 936, 2502, 2303, 431, 6.06%, 0, 0, 4, 470.71, 2018562, 3241
4384, 0, 936, 2502, 2303, 431, 6.06%, 0, 0, 4, 469.98, 2020992, 3241
4389, 0, 936, 2502, 2303, 431, 6.06%, 0, 0, 4, 469.37, 2023372, 3241
4394, 0, 936, 2502, 2303, 431, 6.06%, 0, 0, 4, 472.19, 2025757, 3241
4400, 0, 936, 2502, 2303, 431, 6.06%, 0, 0, 4, 464.66, 2028187, 3241
4405, 0, 936, 2502, 2303, 431, 6.06%, 0, 0, 4, 460.87, 2030578, 3241
4410, 0, 936, 2502, 2303, 431, 6.06%, 0, 0, 4, 472.59, 2032972, 3241
4415, 0, 936, 2502, 2303, 431, 6.06%, 0, 0, 4, 472.25, 2035330, 3241
4420, 0, 936, 2502, 2303, 431, 6.06%, 0, 0, 4, 480.70, 2037823, 3241
4425, 0, 936, 2502, 2303, 431, 6.06%, 0, 0, 4, 480.77, 2040244, 3241
4430, 0, 936, 2502, 2303, 431, 6.06%, 0, 0, 4, 476.87, 2042728, 3241
4435, 0, 936, 2502, 2303, 431, 6.06%, 0, 0, 4, 465.60, 2045059, 3241
4441, 0, 936, 2502, 2303, 431, 6.06%, 0, 0, 4, 463.30, 2047399, 3241
4446, 0, 936, 2503, 2304, 431, 6.06%, 0, 0, 4, 470.11, 2049822, 3241
4451, 0, 968, 2523, 2323, 436, 6.08%, 0, 0, 4, 470.56, 2052206, 3253
4456, 0, 968, 2523, 2323, 436, 6.08%, 0, 0, 4, 466.46, 2054520, 3253
4461, 0, 968, 2523, 2323, 436, 6.08%, 0, 0, 4, 475.58, 2056998, 3253
4466, 0, 968, 2523, 2323, 436, 6.08%, 0, 0, 4, 461.20, 2059302, 3253
4471, 0, 968, 2523, 2323, 436, 6.08%, 0, 0, 4, 466.96, 2061663, 3253
4476, 0, 968, 2523, 2323, 436, 6.08%, 0, 0, 4, 468.28, 2063992, 3253
4481, 0, 970, 2525, 2324, 434, 6.08%, 0, 0, 4, 485.93, 2066440, 3254
4486, 0, 970, 2525, 2324, 434, 6.08%, 0, 0, 4, 491.48, 2068998, 3254
4491, 0, 993, 2538, 2336, 439, 6.12%, 0, 0, 4, 474.41, 2071376, 3276
4497, 0, 993, 2538, 2336, 439, 6.12%, 0, 0, 4, 455.86, 2073689, 3276
4502, 0, 993, 2538, 2336, 439, 6.12%, 0, 0, 4, 467.29, 2076061, 3276
4507, 0, 993, 2538, 2336, 439, 6.12%, 0, 0, 4, 466.49, 2078368, 3276
4512, 0, 993, 2538, 2336, 439, 6.12%, 0, 0, 4, 470.68, 2080743, 3276
4517, 0, 1000, 2548, 2345, 447, 6.15%, 0, 0, 4, 475.20, 2083116, 3293
4522, 0, 1000, 2548, 2345, 447, 6.15%, 0, 0, 4, 486.18, 2085542, 3293
4527, 0, 1000, 2548, 2345, 447, 6.15%, 0, 0, 4, 485.40, 2087957, 3293
4532, 0, 1001, 2551, 2347, 448, 6.16%, 0, 0, 4, 445.51, 2090197, 3297
4537, 0, 1001, 2551, 2347, 448, 6.16%, 0, 0, 4, 424.01, 2092285, 3297
4542, 0, 1001, 2551, 2347, 448, 6.16%, 0, 0, 4, 414.78, 2094369, 3297
4547, 0, 1001, 2551, 2347, 448, 6.16%, 0, 0, 4, 432.03, 2096607, 3297
4552, 0, 1001, 2551, 2347, 448, 6.16%, 0, 0, 4, 450.24, 2098874, 3297
4557, 0, 1001, 2551, 2347, 448, 6.16%, 0, 0, 4, 428.32, 2101069, 3297
4562, 0, 1001, 2552, 2348, 448, 6.16%, 0, 0, 4, 413.12, 2103113, 3297
4567, 0, 1001, 2552, 2348, 448, 6.16%, 0, 0, 4, 429.58, 2105358, 3297
4573, 0, 1001, 2552, 2348, 448, 6.16%, 0, 0, 4, 427.32, 2107574, 3297
4578, 0, 1001, 2552, 2348, 448, 6.16%, 0, 0, 4, 435.04, 2109738, 3297
4583, 0, 1001, 2552, 2348, 448, 6.16%, 0, 0, 4, 429.69, 2111882, 3297
4588, 0, 1001, 2552, 2348, 448, 6.16%, 0, 0, 4, 419.64, 2113970, 3297
4593, 0, 1001, 2552, 2348, 448, 6.16%, 0, 0, 4, 432.08, 2116154, 3297
4598, 0, 1001, 2552, 2348, 448, 6.16%, 0, 0, 4, 422.20, 2118282, 3297
4603, 0, 1001, 2553, 2349, 448, 6.16%, 0, 0, 4, 433.14, 2120521, 3297
4608, 0, 1009, 2564, 2359, 455, 6.19%, 0, 0, 4, 426.26, 2122710, 3313
4613, 0, 1009, 2564, 2359, 455, 6.19%, 0, 0, 4, 455.99, 2125095, 3313
4618, 0, 1009, 2564, 2359, 455, 6.19%, 0, 0, 4, 463.55, 2127474, 3313
4623, 0, 1009, 2564, 2359, 455, 6.19%, 0, 0, 4, 464.50, 2129808, 3313
4628, 0, 1042, 2577, 2371, 453, 6.19%, 0, 0, 4, 453.42, 2132082, 3315
4633, 0, 1042, 2577, 2371, 453, 6.19%, 0, 0, 4, 447.91, 2134335, 3315
4639, 0, 1042, 2577, 2371, 453, 6.19%, 0, 0, 4, 441.68, 2136646, 3315
4644, 0, 1042, 2577, 2371, 453, 6.19%, 0, 0, 4, 436.76, 2138918, 3315
4649, 0, 1042, 2577, 2371, 453, 6.19%, 0, 0, 4, 446.98, 2141256, 3315
4654, 0, 1042, 2577, 2371, 453, 6.19%, 0, 0, 4, 447.52, 2143486, 3315
4659, 0, 1042, 2577, 2371, 453, 6.19%, 0, 0, 4, 458.71, 2145894, 3315
4664, 0, 1042, 2577, 2371, 453, 6.19%, 0, 0, 4, 443.19, 2148082, 3315
4669, 0, 1042, 2577, 2371, 453, 6.19%, 0, 0, 4, 441.36, 2150375, 3315
4675, 0, 1042, 2577, 2371, 453, 6.19%, 0, 0, 4, 431.69, 2152559, 3315
4680, 0, 1042, 2577, 2371, 453, 6.19%, 0, 0, 4, 436.26, 2154731, 3315
4685, 0, 1042, 2577, 2371, 453, 6.19%, 0, 0, 4, 442.02, 2157051, 3315
4690, 0, 1042, 2577, 2371, 453, 6.19%, 0, 0, 4, 433.06, 2159299, 3315
4695, 0, 1042, 2577, 2371, 453, 6.19%, 0, 0, 4, 442.16, 2161603, 3315
4700, 0, 1042, 2578, 2372, 453, 6.19%, 0, 0, 4, 442.54, 2163853, 3315
4705, 0, 1046, 2594, 2387, 457, 6.21%, 0, 0, 4, 459.80, 2166250, 3325
4710, 0, 1046, 2594, 2387, 457, 6.21%, 0, 0, 4, 470.54, 2168605, 3325
4716, 0, 1049, 2603, 2395, 456, 6.21%, 0, 0, 4, 471.63, 2171072, 3325
4721, 0, 1049, 2603, 2395, 456, 6.21%, 0, 0, 4, 479.10, 2173474, 3325
4726, 0, 1049, 2603, 2395, 456, 6.21%, 0, 0, 4, 470.92, 2175834, 3325
4731, 0, 1049, 2603, 2395, 456, 6.21%, 0, 0, 4, 474.78, 2178180, 3325
4736, 0, 1050, 2610, 2401, 457, 6.22%, 0, 0, 4, 467.76, 2180554, 3327
4741, 0, 1050, 2610, 2401, 457, 6.22%, 0, 0, 4, 481.80, 2183027, 3327
4746, 0, 1050, 2610, 2401, 457, 6.22%, 0, 0, 4, 469.45, 2185378, 3327
4751, 0, 1050, 2610, 2401, 457, 6.22%, 0, 0, 4, 484.19, 2187823, 3327
4756, 0, 1051, 2615, 2405, 456, 6.22%, 0, 0, 4, 482.97, 2190237, 3327
4761, 0, 1051, 2615, 2405, 456, 6.22%, 0, 0, 4, 481.73, 2192650, 3327
4766, 0, 1051, 2615, 2405, 456, 6.22%, 0, 0, 4, 466.82, 2195008, 3327
4771, 0, 1051, 2615, 2405, 456, 6.22%, 0, 0, 4, 469.83, 2197366, 3327
4776, 0, 1051, 2615, 2405, 456, 6.22%, 0, 0, 4, 471.81, 2199766, 3327
4781, 0, 1051, 2615, 2405, 456, 6.22%, 0, 0, 4, 480.31, 2202179, 3327
4786, 0, 1051, 2615, 2405, 456, 6.22%, 0, 0, 4, 475.31, 2204564, 3327
4791, 0, 1051, 2615, 2405, 456, 6.22%, 0, 0, 4, 475.49, 2207024, 3327
4796, 0, 1051, 2615, 2405, 456, 6.22%, 0, 0, 4, 474.46, 2209400, 3327
4801, 0, 1051, 2615, 2405, 456, 6.22%, 0, 0, 4, 483.55, 2211836, 3327
4806, 0, 1051, 2615, 2405, 456, 6.22%, 0, 0, 4, 464.35, 2214149, 3327
4811, 0, 1051, 2615, 2405, 456, 6.22%, 0, 0, 4, 465.13, 2216480, 3327
4816, 0, 1051, 2615, 2405, 456, 6.22%, 0, 0, 4, 475.46, 2218865, 3327
4821, 0, 1051, 2615, 2405, 456, 6.22%, 0, 0, 4, 482.90, 2221286, 3327
4827, 0, 1052, 2638, 2427, 457, 6.26%, 0, 0, 4, 474.34, 2223715, 3351
4832, 0, 1052, 2639, 2428, 457, 6.26%, 0, 0, 4, 482.52, 2226224, 3352
4837, 0, 1052, 2640, 2429, 457, 6.27%, 0, 0, 4, 493.39, 2228704, 3353
4842, 0, 1053, 2642, 2430, 463, 6.27%, 0, 0, 4, 482.61, 2231220, 3354
4847, 0, 1053, 2642, 2430, 463, 6.27%, 0, 0, 4, 479.61, 2233635, 3354
4852, 0, 1053, 2642, 2430, 463, 6.27%, 0, 0, 4, 475.20, 2236022, 3354
4857, 0, 1053, 2642, 2430, 463, 6.27%, 0, 0, 4, 467.44, 2238377, 3354
4862, 0, 1054, 2647, 2434, 462, 6.27%, 0, 0, 4, 484.00, 2240916, 3357
4867, 0, 1054, 2647, 2434, 462, 6.27%, 0, 0, 4, 488.09, 2243424, 3357
4872, 0, 1054, 2647, 2434, 462, 6.27%, 0, 0, 4, 475.79, 2245810, 3357
4877, 0, 1055, 2650, 2436, 463, 6.27%, 0, 0, 4, 473.63, 2248215, 3357
4883, 0, 1055, 2650, 2436, 463, 6.27%, 0, 0, 4, 485.24, 2250744, 3357
4888, 0, 1055, 2650, 2436, 463, 6.27%, 0, 0, 4, 485.82, 2253277, 3357
4893, 0, 1056, 2658, 2443, 463, 6.28%, 0, 0, 4, 489.01, 2255728, 3358
4898, 0, 1056, 2658, 2443, 463, 6.28%, 0, 0, 4, 486.95, 2258263, 3358
4903, 0, 1070, 2667, 2451, 464, 6.28%, 0, 0, 4, 490.91, 2260746, 3363
4908, 0, 1070, 2667, 2451, 464, 6.28%, 0, 0, 4, 489.17, 2263219, 3363
4913, 0, 1070, 2667, 2451, 464, 6.28%, 0, 0, 4, 477.67, 2265612, 3363
4918, 0, 1071, 2672, 2455, 466, 6.29%, 0, 0, 4, 482.09, 2268038, 3368
4923, 0, 1071, 2672, 2455, 466, 6.29%, 0, 0, 4, 481.03, 2270527, 3368
4929, 0, 1071, 2672, 2455, 466, 6.29%, 0, 0, 4, 476.50, 2273001, 3368
4934, 0, 1071, 2673, 2456, 466, 6.30%, 0, 0, 4, 475.43, 2275409, 3369
4939, 0, 1071, 2673, 2456, 466, 6.30%, 0, 0, 4, 487.37, 2277867, 3369
4944, 0, 1072, 2676, 2458, 466, 6.30%, 0, 0, 4, 483.55, 2280274, 3369
4949, 0, 1075, 2676, 2457, 465, 6.30%, 0, 0, 4, 453.69, 2282589, 3369
4954, 0, 1075, 2676, 2457, 465, 6.30%, 0, 0, 4, 462.34, 2284916, 3369
4959, 0, 1075, 2676, 2457, 465, 6.30%, 0, 0, 4, 466.57, 2287255, 3369
4964, 0, 1079, 2679, 2459, 466, 6.30%, 0, 0, 4, 469.87, 2289606, 3372
4969, 0, 1079, 2679, 2459, 466, 6.30%, 0, 0, 4, 471.41, 2292041, 3372
4974, 0, 1079, 2679, 2459, 466, 6.30%, 0, 0, 4, 473.33, 2294462, 3372
4979, 0, 1080, 2680, 2459, 465, 6.30%, 0, 0, 4, 480.62, 2296949, 3372
4984, 0, 1080, 2680, 2459, 465, 6.30%, 0, 0, 4, 483.48, 2299378, 3372
4989, 0, 1080, 2681, 2460, 465, 6.30%, 0, 0, 4, 479.03, 2301768, 3372
4995, 0, 1081, 2686, 2464, 465, 6.30%, 0, 0, 4, 474.07, 2304234, 3373
5000, 0, 1081, 2686, 2464, 465, 6.30%, 0, 0, 4, 474.42, 2306617, 3373
5005, 0, 1081, 2687, 2465, 465, 6.30%, 0, 0, 4, 480.04, 2309089, 3373
5010, 0, 1086, 2694, 2471, 466, 6.31%, 0, 0, 4, 467.67, 2311503, 3376
5015, 0, 1086, 2694, 2471, 466, 6.31%, 0, 0, 4, 474.02, 2313953, 3376
5020, 0, 1086, 2697, 2474, 466, 6.31%, 0, 0, 4, 475.59, 2316341, 3377
5025, 0, 1086, 2697, 2474, 466, 6.31%, 0, 0, 4, 481.29, 2318834, 3377
5030, 0, 1086, 2697, 2474, 466, 6.31%, 0, 0, 4, 472.03, 2321237, 3377
5035, 0, 1087, 2699, 2475, 464, 6.31%, 0, 0, 4, 475.01, 2323627, 3377
5040, 0, 1087, 2699, 2475, 464, 6.31%, 0, 0, 4, 468.43, 2325963, 3377
5045, 0, 1087, 2700, 2476, 464, 6.32%, 0, 0, 4, 480.33, 2328387, 3380
5051, 0, 1087, 2700, 2476, 464, 6.32%, 0, 0, 4, 467.17, 2330748, 3380
5056, 0, 1087, 2700, 2476, 464, 6.32%, 0, 0, 4, 478.37, 2333162, 3380
5061, 0, 1092, 2702, 2477, 463, 6.32%, 0, 0, 4, 477.62, 2335564, 3380
5066, 0, 1092, 2702, 2477, 463, 6.32%, 0, 0, 4, 474.06, 2338041, 3380
5071, 0, 1092, 2702, 2477, 463, 6.32%, 0, 0, 4, 477.37, 2340439, 3380
5076, 0, 1095, 2705, 2479, 462, 6.32%, 0, 0, 4, 474.98, 2342890, 3380
5081, 0, 1095, 2705, 2479, 462, 6.32%, 0, 0, 4, 466.06, 2345241, 3380
5086, 0, 1095, 2705, 2479, 462, 6.32%, 0, 0, 4, 471.50, 2347699, 3380
5091, 0, 1095, 2705, 2479, 462, 6.32%, 0, 0, 4, 476.26, 2350081, 3380
5096, 0, 1095, 2705, 2479, 462, 6.32%, 0, 0, 4, 466.57, 2352421, 3380
5101, 0, 1096, 2708, 2481, 462, 6.32%, 0, 0, 4, 468.63, 2354776, 3380
5106, 0, 1096, 2708, 2481, 462, 6.32%, 0, 0, 4, 464.97, 2357112, 3380
5112, 0, 1096, 2708, 2481, 462, 6.32%, 0, 0, 4, 474.83, 2359592, 3380
5117, 0, 1096, 2708, 2481, 462, 6.32%, 0, 0, 4, 472.68, 2361977, 3380
5122, 0, 1096, 2708, 2481, 462, 6.32%, 0, 0, 4, 476.80, 2364433, 3380
5127, 0, 1096, 2708, 2481, 462, 6.32%, 0, 0, 4, 476.73, 2366837, 3380
5132, 0, 1096, 2708, 2481, 462, 6.32%, 0, 0, 4, 474.89, 2369207, 3380
5137, 0, 1096, 2708, 2481, 462, 6.32%, 0, 0, 4, 464.85, 2371529, 3380
5142, 0, 1096, 2708, 2481, 462, 6.32%, 0, 0, 4, 476.76, 2373947, 3380
5147, 0, 1096, 2708, 2481, 462, 6.32%, 0, 0, 4, 465.87, 2376287, 3380
5152, 0, 1096, 2708, 2481, 462, 6.32%, 0, 0, 4, 471.71, 2378654, 3380
5157, 0, 1096, 2708, 2481, 462, 6.32%, 0, 0, 4, 478.41, 2381069, 3380
5162, 0, 1096, 2708, 2481, 462, 6.32%, 0, 0, 4, 474.22, 2383544, 3380
5167, 0, 1096, 2708, 2481, 462, 6.32%, 0, 0, 4, 481.81, 2385983, 3380
5172, 0, 1096, 2708, 2481, 462, 6.32%, 0, 0, 4, 476.50, 2388383, 3380
5177, 0, 1096, 2708, 2481, 462, 6.32%, 0, 0, 4, 478.97, 2390795, 3380
5182, 0, 1096, 2708, 2481, 462, 6.32%, 0, 0, 4, 468.43, 2393126, 3380
5187, 0, 1096, 2708, 2481, 462, 6.32%, 0, 0, 4, 472.85, 2395556, 3380
5192, 0, 1096, 2708, 2481, 462, 6.32%, 0, 0, 4, 477.00, 2397968, 3380
5198, 0, 1096, 2708, 2481, 462, 6.32%, 0, 0, 4, 468.57, 2400389, 3380
5203, 0, 1096, 2708, 2481, 462, 6.32%, 0, 0, 4, 480.99, 2402927, 3380
5208, 0, 1096, 2708, 2481, 462, 6.32%, 0, 0, 4, 466.92, 2405240, 3380
5213, 0, 1096, 2708, 2481, 462, 6.32%, 0, 0, 4, 475.41, 2407660, 3380
5218, 0, 1099, 2736, 2508, 470, 6.34%, 0, 0, 4, 456.16, 2410057, 3395
5223, 0, 1099, 2736, 2508, 470, 6.34%, 0, 0, 4, 473.42, 2412437, 3395
5228, 0, 1099, 2740, 2512, 470, 6.39%, 0, 0, 4, 478.61, 2414932, 3417
5233, 0, 1099, 2740, 2512, 470, 6.39%, 0, 0, 4, 481.72, 2417452, 3417
5239, 0, 1101, 2744, 2515, 474, 6.39%, 0, 0, 4, 489.13, 2420002, 3419
5244, 0, 1101, 2744, 2515, 474, 6.39%, 0, 0, 4, 484.58, 2422427, 3419
5249, 0, 1101, 2744, 2515, 474, 6.39%, 0, 0, 4, 480.36, 2424821, 3419
5254, 0, 1101, 2744, 2515, 474, 6.39%, 0, 0, 4, 488.52, 2427266, 3419
5259, 0, 1102, 2750, 2520, 473, 6.39%, 0, 0, 4, 491.04, 2429796, 3422
5264, 0, 1102, 2752, 2522, 477, 6.40%, 0, 0, 4, 462.91, 2432054, 3424
5269, 0, 1102, 2752, 2522, 477, 6.40%, 0, 0, 4, 474.67, 2434443, 3424
5274, 0, 1102, 2753, 2523, 477, 6.40%, 0, 0, 4, 478.41, 2436944, 3424
5279, 0, 1102, 2753, 2523, 477, 6.40%, 0, 0, 4, 468.78, 2439375, 3424
5284, 0, 1103, 2758, 2527, 476, 6.40%, 0, 0, 4, 467.19, 2441712, 3425
5290, 0, 1103, 2758, 2527, 476, 6.40%, 0, 0, 4, 480.81, 2444188, 3425
5295, 0, 1103, 2758, 2527, 476, 6.40%, 0, 0, 4, 476.84, 2446600, 3425
5300, 0, 1103, 2758, 2527, 476, 6.40%, 0, 0, 4, 471.88, 2448976, 3425
5305, 0, 1104, 2762, 2530, 476, 6.40%, 0, 0, 4, 466.62, 2451426, 3426
5310, 0, 1104, 2762, 2530, 476, 6.40%, 0, 0, 4, 460.41, 2453834, 3426
5315, 0, 1104, 2762, 2530, 476, 6.40%, 0, 0, 4, 473.05, 2456291, 3426
5320, 0, 1104, 2763, 2531, 476, 6.40%, 0, 0, 4, 476.57, 2458672, 3426
5325, 0, 1104, 2763, 2531, 476, 6.40%, 0, 0, 4, 479.32, 2461071, 3426
5330, 0, 1105, 2777, 2544, 477, 6.42%, 0, 0, 4, 472.01, 2463453, 3433
5335, 0, 1105, 2777, 2544, 477, 6.42%, 0, 0, 4, 484.01, 2465902, 3433
5340, 0, 1105, 2778, 2545, 477, 6.42%, 0, 0, 4, 472.20, 2468286, 3433
5345, 0, 1105, 2778, 2545, 477, 6.42%, 0, 0, 4, 479.85, 2470755, 3433
5350, 0, 1107, 2786, 2552, 476, 6.42%, 0, 0, 4, 477.89, 2473163, 3433
5355, 0, 1107, 2786, 2552, 476, 6.42%, 0, 0, 4, 478.08, 2475576, 3433
5360, 0, 1107, 2786, 2552, 476, 6.42%, 0, 0, 4, 470.78, 2477931, 3433
5366, 0, 1107, 2786, 2552, 476, 6.42%, 0, 0, 4, 477.31, 2480423, 3433
5371, 0, 1107, 2786, 2552, 476, 6.42%, 0, 0, 4, 477.97, 2482901, 3433
5376, 0, 1107, 2786, 2552, 476, 6.42%, 0, 0, 4, 470.92, 2485274, 3433
5381, 0, 1107, 2786, 2552, 476, 6.42%, 0, 0, 4, 469.73, 2487686, 3433
5386, 0, 1107, 2786, 2552, 476, 6.42%, 0, 0, 4, 460.70, 2489997, 3433
5391, 0, 1110, 2795, 2560, 477, 6.42%, 0, 0, 4, 475.96, 2492383, 3437
5396, 0, 1110, 2795, 2560, 477, 6.42%, 0, 0, 4, 465.81, 2494724, 3437
5401, 0, 1110, 2795, 2560, 477, 6.42%, 0, 0, 4, 438.26, 2496929, 3437
5406, 0, 1110, 2795, 2560, 477, 6.42%, 0, 0, 4, 454.55, 2499338, 3437
5411, 0, 1110, 2795, 2560, 477, 6.42%, 0, 0, 4, 454.58, 2501651, 3437
5417, 0, 1110, 2795, 2560, 477, 6.42%, 0, 0, 4, 459.49, 2504030, 3437
5422, 0, 1110, 2796, 2561, 477, 6.44%, 0, 0, 4, 470.66, 2506441, 3444
5427, 0, 1110, 2796, 2561, 477, 6.44%, 0, 0, 4, 467.06, 2508844, 3444
5432, 0, 1110, 2796, 2561, 477, 6.44%, 0, 0, 4, 473.75, 2511221, 3444
5437, 0, 1117, 2814, 2578, 472, 6.44%, 0, 0, 4, 468.02, 2513677, 3445
5442, 0, 1117, 2814, 2578, 472, 6.44%, 0, 0, 4, 472.98, 2516060, 3445
5447, 0, 1117, 2814, 2578, 472, 6.44%, 0, 0, 4, 480.91, 2518474, 3445
5452, 0, 1117, 2814, 2578, 472, 6.44%, 0, 0, 4, 474.42, 2520943, 3445
5457, 0, 1117, 2814, 2578, 472, 6.44%, 0, 0, 4, 475.40, 2523316, 3445
5462, 0, 1117, 2814, 2578, 472, 6.44%, 0, 0, 4, 472.90, 2525701, 3445
5467, 0, 1117, 2814, 2578, 472, 6.44%, 0, 0, 4, 472.47, 2528169, 3445
5473, 0, 1118, 2821, 2584, 473, 6.44%, 0, 0, 4, 483.30, 2530691, 3446
5478, 0, 1118, 2821, 2584, 473, 6.44%, 0, 0, 4, 477.12, 2533100, 3446
5483, 0, 1118, 2821, 2584, 473, 6.44%, 0, 0, 4, 473.39, 2535550, 3446
5488, 0, 1118, 2821, 2584, 473, 6.44%, 0, 0, 4, 476.10, 2537962, 3446
5493, 0, 1118, 2821, 2584, 473, 6.44%, 0, 0, 4, 473.73, 2540305, 3446
5498, 0, 1118, 2821, 2584, 473, 6.44%, 0, 0, 4, 482.13, 2542741, 3446
5503, 0, 1118, 2821, 2584, 473, 6.44%, 0, 0, 4, 481.07, 2545153, 3446
5508, 0, 1118, 2821, 2584, 473, 6.44%, 0, 0, 4, 478.53, 2547550, 3446
5513, 0, 1119, 2842, 2604, 473, 6.45%, 0, 0, 4, 480.53, 2549946, 3454
5518, 0, 1119, 2842, 2604, 473, 6.45%, 0, 0, 4, 460.40, 2552246, 3454
5523, 0, 1119, 2842, 2604, 473, 6.45%, 0, 0, 4, 465.13, 2554622, 3454
5528, 0, 1119, 2842, 2604, 473, 6.45%, 0, 0, 4, 452.26, 2556818, 3454
5533, 0, 1119, 2842, 2604, 473, 6.45%, 0, 0, 4, 463.27, 2559188, 3454
5538, 0, 1119, 2842, 2604, 473, 6.45%, 0, 0, 4, 482.73, 2561624, 3454
5543, 0, 1119, 2843, 2605, 473, 6.46%, 0, 0, 4, 465.36, 2564044, 3455
5549, 0, 1120, 2844, 2605, 472, 6.46%, 0, 0, 4, 477.92, 2566523, 3455
5554, 0, 1122, 2859, 2620, 485, 6.49%, 0, 0, 4, 464.82, 2568784, 3475
5559, 0, 1122, 2859, 2620, 485, 6.49%, 0, 0, 4, 468.69, 2571163, 3475
5564, 0, 1122, 2859, 2620, 485, 6.49%, 0, 0, 4, 468.80, 2573510, 3475
5569, 0, 1122, 2859, 2620, 485, 6.49%, 0, 0, 4, 470.01, 2575910, 3475
5574, 0, 1122, 2859, 2620, 485, 6.49%, 0, 0, 4, 477.50, 2578322, 3475
5579, 0, 1122, 2859, 2620, 485, 6.49%, 0, 0, 4, 454.46, 2580693, 3475
5584, 0, 1127, 2861, 2621, 485, 6.50%, 0, 0, 4, 461.76, 2583075, 3476
5589, 0, 1127, 2861, 2621, 485, 6.50%, 0, 0, 4, 464.32, 2585433, 3476
5594, 0, 1127, 2861, 2621, 485, 6.50%, 0, 0, 4, 472.87, 2587816, 3476
5599, 0, 1127, 2861, 2621, 485, 6.50%, 0, 0, 4, 466.08, 2590168, 3476
5604, 0, 1127, 2861, 2621, 485, 6.50%, 0, 0, 4, 474.72, 2592536, 3476
5609, 0, 1127, 2864, 2624, 485, 6.51%, 0, 0, 4, 463.81, 2594861, 3484
5614, 0, 1127, 2864, 2624, 485, 6.51%, 0, 0, 4, 457.53, 2597156, 3484
5619, 0, 1127, 2864, 2624, 485, 6.51%, 0, 0, 4, 483.77, 2599595, 3484
5624, 0, 1127, 2864, 2624, 485, 6.51%, 0, 0, 4, 478.59, 2601998, 3484
5629, 0, 1127, 2864, 2624, 485, 6.51%, 0, 0, 4, 482.96, 2604401, 3484
5634, 0, 1127, 2864, 2624, 485, 6.51%, 0, 0, 4, 467.72, 2606730, 3484
5639, 0, 1129, 2887, 2646, 489, 6.53%, 0, 0, 4, 478.56, 2609128, 3493
5645, 0, 1134, 2887, 2645, 488, 6.53%, 0, 0, 4, 462.11, 2611537, 3493
5650, 0, 1134, 2887, 2645, 488, 6.53%, 0, 0, 4, 451.64, 2613773, 3493
5655, 0, 1134, 2887, 2645, 488, 6.53%, 0, 0, 4, 453.88, 2616061, 3493
5660, 0, 1134, 2887, 2645, 488, 6.53%, 0, 0, 4, 449.93, 2618341, 3493
5665, 0, 1134, 2887, 2645, 488, 6.53%, 0, 0, 4, 456.10, 2620627, 3493
5670, 0, 1134, 2887, 2645, 488, 6.53%, 0, 0, 4, 448.39, 2622942, 3493
5675, 0, 1134, 2887, 2645, 488, 6.53%, 0, 0, 4, 451.71, 2625244, 3493
5680, 0, 1134, 2887, 2645, 488, 6.53%, 0, 0, 4, 448.65, 2627458, 3493
5685, 0, 1134, 2887, 2645, 488, 6.53%, 0, 0, 4, 446.20, 2629714, 3493
5690, 0, 1134, 2888, 2646, 488, 6.53%, 0, 0, 4, 433.46, 2631869, 3493
5695, 0, 1134, 2892, 2650, 488, 6.53%, 0, 0, 4, 468.21, 2634334, 3493
5700, 0, 1134, 2892, 2650, 488, 6.53%, 0, 0, 4, 466.81, 2636674, 3493
5705, 0, 1134, 2895, 2653, 488, 6.53%, 0, 0, 4, 462.35, 2639002, 3493
5710, 0, 1134, 2896, 2654, 488, 6.53%, 0, 0, 4, 459.07, 2641296, 3495
5715, 0, 1134, 2897, 2655, 488, 6.53%, 0, 0, 4, 464.33, 2643644, 3495
5721, 0, 1134, 2898, 2656, 488, 6.53%, 0, 0, 4, 463.18, 2646046, 3495
5726, 0, 1134, 2900, 2658, 488, 6.53%, 0, 0, 4, 472.63, 2648429, 3495
5731, 0, 1134, 2903, 2661, 488, 6.53%, 0, 0, 4, 455.15, 2650739, 3495
5736, 0, 1134, 2903, 2661, 488, 6.53%, 0, 0, 4, 465.30, 2653088, 3495
5741, 0, 1134, 2903, 2661, 488, 6.53%, 0, 0, 4, 459.98, 2655410, 3495
5746, 0, 1134, 2903, 2661, 488, 6.53%, 0, 0, 4, 461.74, 2657759, 3495
5751, 0, 1134, 2903, 2661, 488, 6.53%, 0, 0, 4, 466.03, 2660099, 3495
5756, 0, 1134, 2904, 2662, 488, 6.53%, 0, 0, 4, 471.96, 2662546, 3495
5761, 0, 1134, 2904, 2662, 488, 6.53%, 0, 0, 4, 451.73, 2664904, 3495
5766, 0, 1134, 2905, 2663, 488, 6.53%, 0, 0, 4, 462.54, 2667261, 3496
5771, 0, 1134, 2905, 2663, 488, 6.53%, 0, 0, 4, 473.75, 2669646, 3496
5776, 0, 1134, 2907, 2665, 488, 6.53%, 0, 0, 4, 461.79, 2672011, 3496
5781, 0, 1134, 2908, 2666, 488, 6.53%, 0, 0, 4, 466.43, 2674377, 3496
5786, 0, 1134, 2908, 2666, 488, 6.53%, 0, 0, 4, 457.34, 2676654, 3496
5791, 0, 1134, 2908, 2666, 488, 6.53%, 0, 0, 4, 466.33, 2679021, 3496
5797, 0, 1134, 2910, 2668, 488, 6.53%, 0, 0, 4, 463.26, 2681359, 3496
5802, 0, 1134, 2910, 2668, 488, 6.53%, 0, 0, 4, 461.38, 2683753, 3496
5807, 0, 1134, 2910, 2668, 488, 6.53%, 0, 0, 4, 466.26, 2686201, 3496
5812, 0, 1134, 2910, 2668, 488, 6.53%, 0, 0, 4, 467.54, 2688604, 3496
5817, 0, 1134, 2911, 2669, 488, 6.53%, 0, 0, 4, 462.05, 2690925, 3496
5822, 0, 1134, 2913, 2671, 488, 6.53%, 0, 0, 4, 458.75, 2693335, 3496
5827, 0, 1134, 2913, 2671, 488, 6.53%, 0, 0, 4, 464.81, 2695648, 3496
5832, 0, 1134, 2913, 2671, 488, 6.53%, 0, 0, 4, 475.44, 2698033, 3496
5838, 0, 1134, 2913, 2671, 488, 6.53%, 0, 0, 4, 477.22, 2700517, 3496
5843, 0, 1134, 2913, 2671, 488, 6.53%, 0, 0, 4, 472.33, 2702884, 3496
5848, 0, 1134, 2913, 2671, 488, 6.53%, 0, 0, 4, 461.93, 2705188, 3496
5853, 0, 1134, 2913, 2671, 488, 6.53%, 0, 0, 4, 448.42, 2707445, 3496
5858, 0, 1134, 2913, 2671, 488, 6.53%, 0, 0, 4, 459.64, 2709787, 3496
5863, 0, 1134, 2913, 2671, 488, 6.53%, 0, 0, 4, 457.33, 2712046, 3496
5868, 0, 1134, 2913, 2671, 488, 6.53%, 0, 0, 4, 468.21, 2714404, 3496
5873, 0, 1134, 2914, 2672, 488, 6.53%, 0, 0, 4, 463.67, 2716734, 3497
5878, 0, 1134, 2914, 2672, 488, 6.53%, 0, 0, 4, 472.67, 2719182, 3497
5883, 0, 1134, 2916, 2674, 488, 6.53%, 0, 0, 4, 459.36, 2721466, 3497
5888, 0, 1134, 2916, 2674, 488, 6.53%, 0, 0, 4, 461.45, 2723824, 3497
5893, 0, 1134, 2916, 2674, 488, 6.53%, 0, 0, 4, 466.13, 2726155, 3497
5898, 0, 1134, 2916, 2674, 488, 6.53%, 0, 0, 4, 465.69, 2728495, 3497
5903, 0, 1134, 2916, 2674, 488, 6.53%, 0, 0, 4, 456.91, 2730781, 3497
5908, 0, 1134, 2916, 2674, 488, 6.53%, 0, 0, 4, 464.70, 2733193, 3497
5913, 0, 1134, 2917, 2675, 488, 6.53%, 0, 0, 4, 467.13, 2735568, 3497
5918, 0, 1134, 2918, 2676, 488, 6.53%, 0, 0, 4, 463.79, 2737925, 3497
5923, 0, 1134, 2918, 2676, 488, 6.53%, 0, 0, 4, 467.48, 2740256, 3497
5929, 0, 1134, 2918, 2676, 488, 6.53%, 0, 0, 4, 473.17, 2742722, 3497
5934, 0, 1134, 2918, 2676, 488, 6.53%, 0, 0, 4, 462.77, 2745044, 3497
5939, 0, 1134, 2919, 2677, 488, 6.53%, 0, 0, 4, 470.95, 2747410, 3497
5944, 0, 1134, 2919, 2677, 488, 6.53%, 0, 0, 4, 458.43, 2749723, 3497
5949, 0, 1134, 2919, 2677, 488, 6.53%, 0, 0, 4, 457.00, 2752045, 3497
5954, 0, 1134, 2920, 2678, 488, 6.53%, 0, 0, 4, 463.47, 2754348, 3497
5959, 0, 1134, 2921, 2679, 488, 6.53%, 0, 0, 4, 462.06, 2756651, 3497
5964, 0, 1134, 2921, 2679, 488, 6.53%, 0, 0, 4, 442.14, 2758845, 3497
5969, 0, 1134, 2922, 2680, 488, 6.53%, 0, 0, 4, 462.36, 2761204, 3497
5974, 0, 1135, 2962, 2719, 487, 6.58%, 0, 0, 4, 467.44, 2763557, 3519
5979, 0, 1140, 3026, 2783, 515, 6.61%, 0, 0, 4, 459.78, 2765864, 3535
5984, 0, 1140, 3026, 2783, 515, 6.61%, 0, 0, 4, 460.35, 2768162, 3535
5989, 0, 1140, 3026, 2783, 515, 6.61%, 0, 0, 4, 464.25, 2770580, 3535
5994, 0, 1140, 3026, 2783, 515, 6.61%, 0, 0, 4, 452.92, 2772863, 3535
5999, 0, 1140, 3026, 2783, 515, 6.61%, 0, 0, 4, 455.46, 2775242, 3535
6004, 0, 1140, 3026, 2783, 515, 6.61%, 0, 0, 4, 456.42, 2777561, 3535
6009, 0, 1140, 3026, 2783, 515, 6.61%, 0, 0, 4, 464.94, 2779910, 3535
6014, 0, 1140, 3026, 2783, 515, 6.61%, 0, 0, 4, 440.75, 2782084, 3535
6020, 0, 1143, 3039, 2795, 514, 6.61%, 0, 0, 4, 467.50, 2784513, 3539
6025, 0, 1143, 3039, 2795, 514, 6.61%, 0, 0, 4, 470.65, 2786890, 3539
6030, 0, 1143, 3039, 2795, 514, 6.61%, 0, 0, 4, 475.11, 2789305, 3539
6035, 0, 1143, 3039, 2795, 514, 6.61%, 0, 0, 4, 473.14, 2791699, 3539
6040, 0, 1144, 3040, 2795, 513, 6.62%, 0, 0, 4, 483.16, 2794213, 3540
6045, 0, 1144, 3040, 2795, 513, 6.62%, 0, 0, 4, 478.85, 2796636, 3540
6050, 0, 1144, 3040, 2795, 513, 6.62%, 0, 0, 4, 478.96, 2799151, 3540
6055, 0, 1144, 3040, 2795, 513, 6.62%, 0, 0, 4, 482.64, 2801572, 3540
6060, 0, 1145, 3046, 2800, 513, 6.62%, 0, 0, 4, 482.15, 2804078, 3542
6066, 0, 1145, 3046, 2800, 513, 6.62%, 0, 0, 4, 478.66, 2806493, 3542
6071, 0, 1145, 3046, 2800, 513, 6.62%, 0, 0, 4, 482.00, 2808987, 3542
6076, 0, 1145, 3046, 2800, 513, 6.62%, 0, 0, 4, 468.34, 2811363, 3542
6081, 0, 1145, 3046, 2800, 513, 6.62%, 0, 0, 4, 361.85, 2812955, 3542
6086, 0, 1145, 3047, 2801, 513, 6.62%, 0, 0, 4, 420.72, 2815212, 3542
6091, 0, 1146, 3049, 2802, 513, 6.62%, 0, 0, 4, 448.19, 2817624, 3544
6096, 0, 1146, 3049, 2802, 513, 6.62%, 0, 0, 4, 447.58, 2819858, 3544
6101, 0, 1146, 3049, 2802, 513, 6.62%, 0, 0, 4, 447.49, 2822091, 3544
6106, 0, 1146, 3049, 2802, 513, 6.62%, 0, 0, 4, 448.82, 2824360, 3544
6111, 0, 1147, 3051, 2803, 512, 6.62%, 0, 0, 4, 432.44, 2826498, 3545
6116, 0, 1147, 3051, 2803, 512, 6.62%, 0, 0, 4, 430.02, 2828659, 3545
6121, 0, 1147, 3051, 2803, 512, 6.62%, 0, 0, 4, 430.90, 2830847, 3545
6127, 0, 1147, 3051, 2803, 512, 6.62%, 0, 0, 4, 409.13, 2832856, 3545
6132, 0, 1147, 3051, 2803, 512, 6.62%, 0, 0, 4, 419.23, 2834992, 3545
6137, 0, 1148, 3052, 2803, 511, 6.62%, 0, 0, 4, 439.17, 2837232, 3545
6142, 0, 1148, 3053, 2804, 511, 6.63%, 0, 0, 4, 405.53, 2839270, 3549
6147, 0, 1148, 3053, 2804, 511, 6.63%, 0, 0, 4, 450.37, 2841629, 3549
6152, 0, 1148, 3054, 2805, 511, 6.63%, 0, 0, 4, 460.55, 2844032, 3550
6157, 0, 1148, 3054, 2805, 511, 6.63%, 0, 0, 4, 416.48, 2846117, 3550
6162, 0, 1149, 3056, 2806, 513, 6.64%, 0, 0, 4, 446.24, 2848366, 3551
6167, 0, 1149, 3056, 2806, 513, 6.64%, 0, 0, 4, 447.37, 2850621, 3551
6172, 0, 1149, 3056, 2806, 513, 6.64%, 0, 0, 4, 449.16, 2852989, 3551
6177, 0, 1149, 3056, 2806, 513, 6.64%, 0, 0, 4, 443.50, 2855277, 3551
6183, 0, 1150, 3059, 2808, 512, 6.64%, 0, 0, 4, 464.43, 2857648, 3551
6188, 0, 1150, 3059, 2808, 512, 6.64%, 0, 0, 4, 454.16, 2859951, 3551
6193, 0, 1150, 3059, 2808, 512, 6.64%, 0, 0, 4, 447.02, 2862186, 3551
6198, 0, 1150, 3059, 2808, 512, 6.64%, 0, 0, 4, 459.19, 2864495, 3551
6203, 0, 1150, 3059, 2808, 512, 6.64%, 0, 0, 4, 422.84, 2866703, 3551
6208, 0, 1151, 3066, 2814, 511, 6.64%, 0, 0, 4, 415.59, 2868935, 3552
6213, 0, 1151, 3066, 2814, 511, 6.64%, 0, 0, 4, 443.41, 2871242, 3552
6218, 0, 1151, 3066, 2814, 511, 6.64%, 0, 0, 4, 450.34, 2873503, 3552
6224, 0, 1151, 3066, 2814, 511, 6.64%, 0, 0, 4, 463.04, 2875922, 3552
6229, 0, 1152, 3066, 2813, 510, 6.64%, 0, 0, 4, 469.20, 2878291, 3552
6234, 0, 1152, 3066, 2813, 510, 6.64%, 0, 0, 4, 462.77, 2880620, 3552
6239, 0, 1152, 3067, 2814, 510, 6.64%, 0, 0, 4, 444.84, 2882851, 3554
6244, 0, 1152, 3067, 2814, 510, 6.64%, 0, 0, 4, 450.66, 2885187, 3554
6249, 0, 1155, 3068, 2814, 508, 6.64%, 0, 0, 4, 453.13, 2887468, 3554
6254, 0, 1155, 3068, 2814, 508, 6.64%, 0, 0, 4, 412.29, 2889599, 3554
6259, 0, 1155, 3068, 2814, 508, 6.64%, 0, 0, 4, 413.15, 2891704, 3554
6264, 0, 1155, 3068, 2814, 508, 6.64%, 0, 0, 4, 439.04, 2893992, 3554
6269, 0, 1156, 3069, 2814, 507, 6.64%, 0, 0, 4, 457.19, 2896396, 3554
6275, 0, 1156, 3069, 2814, 507, 6.64%, 0, 0, 4, 463.46, 2898819, 3554
6280, 0, 1156, 3069, 2814, 507, 6.64%, 0, 0, 4, 457.95, 2901099, 3554
6285, 0, 1156, 3069, 2814, 507, 6.64%, 0, 0, 4, 454.65, 2903454, 3554
6290, 0, 1156, 3070, 2815, 507, 6.64%, 0, 0, 4, 457.17, 2905748, 3554
6295, 0, 1156, 3070, 2815, 507, 6.64%, 0, 0, 4, 452.90, 2908106, 3554
6300, 0, 1156, 3070, 2815, 507, 6.64%, 0, 0, 4, 418.54, 2910179, 3554
6305, 0, 1158, 3078, 2822, 507, 6.65%, 0, 0, 4, 439.40, 2912373, 3556
6310, 0, 1158, 3078, 2822, 507, 6.65%, 0, 0, 4, 457.31, 2914679, 3556
6315, 0, 1158, 3078, 2822, 507, 6.65%, 0, 0, 4, 459.95, 2917019, 3556
6320, 0, 1159, 3079, 2822, 507, 6.65%, 0, 0, 4, 459.30, 2919324, 3556
6325, 0, 1159, 3079, 2822, 507, 6.65%, 0, 0, 4, 469.21, 2921758, 3556
6330, 0, 1159, 3079, 2822, 507, 6.65%, 0, 0, 4, 469.10, 2924140, 3556
6336, 0, 1159, 3079, 2822, 507, 6.65%, 0, 0, 4, 473.53, 2926590, 3556
6341, 0, 1162, 3080, 2822, 506, 6.65%, 0, 0, 4, 404.51, 2928591, 3556
6346, 0, 1162, 3080, 2822, 506, 6.65%, 0, 0, 4, 428.73, 2930742, 3556
6351, 0, 1162, 3082, 2824, 506, 6.65%, 0, 0, 4, 446.50, 2933086, 3556
6356, 0, 1162, 3082, 2824, 506, 6.65%, 0, 0, 4, 443.83, 2935302, 3556
6361, 0, 1165, 3082, 2823, 507, 6.65%, 0, 0, 4, 441.11, 2937591, 3556
6366, 0, 1165, 3082, 2823, 507, 6.65%, 0, 0, 4, 420.98, 2939747, 3556
6371, 0, 1165, 3082, 2823, 507, 6.65%, 0, 0, 4, 419.46, 2941764, 3556
6376, 0, 1165, 3082, 2823, 507, 6.65%, 0, 0, 4, 404.25, 2943916, 3556
6381, 0, 1165, 3082, 2823, 507, 6.65%, 0, 0, 4, 409.67, 2946031, 3556
6386, 0, 1166, 3087, 2827, 506, 6.65%, 0, 0, 4, 417.97, 2948138, 3556
6387, 0, 1167, 3087, 2827, 506, 6.65%, 0, 0, 4, 416.96, 2948599, 3556
