# relative_time, cycles_done, cur_item, corpus_count, pending_total, pending_favs, map_size, saved_crashes, saved_hangs, max_depth, execs_per_sec, total_execs, edges_found
60, 0, 0, 224, 224, 1, 2.41%, 0, 0, 2, 441.43, 27316, 1287
66, 0, 0, 228, 228, 1, 2.41%, 0, 0, 2, 445.71, 29548, 1291
71, 0, 0, 234, 234, 1, 2.42%, 0, 0, 2, 454.90, 31837, 1293
76, 0, 0, 239, 239, 1, 2.42%, 0, 0, 2, 451.12, 34109, 1296
81, 0, 114, 330, 329, 127, 3.04%, 0, 0, 2, 426.29, 36223, 1627
86, 0, 114, 342, 341, 127, 3.05%, 0, 0, 3, 449.51, 38534, 1634
91, 0, 114, 345, 344, 127, 3.06%, 0, 0, 3, 434.77, 40711, 1635
96, 0, 18, 356, 352, 127, 3.07%, 0, 0, 3, 429.86, 42905, 1643
101, 0, 18, 362, 358, 127, 3.08%, 0, 0, 3, 414.64, 45009, 1646
106, 0, 266, 365, 360, 127, 3.08%, 0, 0, 3, 407.92, 47061, 1646
111, 0, 266, 370, 365, 127, 3.08%, 0, 0, 3, 433.74, 49253, 1648
116, 0, 266, 374, 369, 127, 3.09%, 0, 0, 3, 450.95, 51509, 1652
121, 0, 266, 377, 372, 127, 3.13%, 0, 0, 3, 428.66, 53685, 1677
126, 0, 266, 380, 375, 127, 3.14%, 0, 0, 3, 446.31, 55861, 1679
131, 0, 266, 383, 378, 127, 3.14%, 0, 0, 3, 457.70, 58199, 1681
136, 0, 266, 384, 379, 127, 3.14%, 0, 0, 3, 400.42, 60077, 1681
141, 0, 266, 386, 381, 127, 3.15%, 0, 0, 3, 419.36, 62213, 1688
146, 0, 266, 389, 384, 127, 3.16%, 0, 0, 3, 425.08, 64317, 1689
151, 0, 266, 392, 387, 127, 3.18%, 0, 0, 3, 439.21, 66637, 1700
156, 0, 266, 393, 388, 127, 3.18%, 0, 0, 3, 434.47, 68797, 1700
162, 0, 266, 394, 389, 127, 3.18%, 0, 0, 3, 448.13, 71141, 1700
167, 0, 266, 408, 403, 127, 3.18%, 0, 0, 3, 424.04, 73253, 1702
172, 0, 266, 420, 415, 127, 3.19%, 0, 0, 3, 413.78, 75413, 1705
177, 0, 100, 424, 416, 140, 3.20%, 0, 0, 3, 417.62, 77530, 1713
182, 0, 319, 435, 426, 139, 3.24%, 0, 0, 3, 445.96, 79803, 1734
187, 0, 319, 444, 435, 139, 3.26%, 0, 0, 3, 443.79, 82003, 1743
192, 0, 319, 448, 439, 139, 3.26%, 0, 0, 3, 433.06, 84139, 1744
197, 0, 319, 450, 441, 139, 3.26%, 0, 0, 3, 386.35, 86104, 1744
202, 0, 319, 453, 444, 139, 3.26%, 0, 0, 3, 421.11, 88267, 1745
207, 0, 319, 457, 448, 139, 3.26%, 0, 0, 3, 441.91, 90555, 1745
213, 0, 319, 458, 449, 139, 3.26%, 0, 0, 3, 444.67, 92875, 1746
218, 0, 319, 460, 451, 139, 3.26%, 0, 0, 3, 468.32, 95282, 1746
223, 0, 319, 462, 453, 139, 3.27%, 0, 0, 3, 467.82, 97638, 1748
228, 0, 319, 464, 455, 139, 3.27%, 0, 0, 3, 462.47, 99949, 1749
233, 0, 319, 467, 458, 139, 3.27%, 0, 0, 3, 465.58, 102277, 1750
238, 0, 319, 470, 461, 139, 3.27%, 0, 0, 3, 475.09, 104758, 1750
243, 0, 319, 471, 462, 139, 3.27%, 0, 0, 3, 476.55, 107223, 1751
248, 0, 319, 471, 462, 139, 3.27%, 0, 0, 3, 478.45, 109635, 1751
253, 0, 319, 482, 473, 139, 3.28%, 0, 0, 3, 472.90, 111993, 1757
258, 0, 319, 490, 481, 139, 3.29%, 0, 0, 3, 463.33, 114415, 1758
263, 0, 153, 504, 494, 161, 3.30%, 0, 0, 3, 469.82, 116796, 1766
268, 0, 153, 519, 509, 161, 3.31%, 0, 0, 3, 467.06, 119112, 1771
273, 0, 153, 525, 515, 161, 3.32%, 0, 0, 3, 463.48, 121428, 1775
278, 0, 153, 529, 519, 161, 3.32%, 0, 0, 3, 471.49, 123800, 1776
283, 0, 153, 537, 527, 161, 3.32%, 0, 0, 3, 477.89, 126186, 1777
288, 0, 153, 538, 528, 161, 3.32%, 0, 0, 3, 476.65, 128561, 1777
294, 0, 153, 542, 532, 161, 3.32%, 0, 0, 3, 467.95, 130960, 1778
299, 0, 153, 544, 534, 161, 3.33%, 0, 0, 3, 453.02, 133343, 1780
304, 0, 153, 545, 535, 161, 3.33%, 0, 0, 3, 462.54, 135637, 1780
309, 0, 153, 549, 539, 161, 3.33%, 0, 0, 3, 462.05, 138054, 1781
314, 0, 153, 553, 543, 161, 3.33%, 0, 0, 3, 476.08, 140453, 1782
319, 0, 153, 556, 546, 161, 3.33%, 0, 0, 3, 473.52, 142817, 1782
324, 0, 153, 557, 547, 161, 3.33%, 0, 0, 3, 460.63, 145120, 1782
329, 0, 153, 561, 551, 161, 3.33%, 0, 0, 3, 469.74, 147573, 1783
335, 0, 535, 566, 555, 179, 3.33%, 0, 0, 4, 467.70, 149992, 1784
340, 0, 375, 606, 594, 179, 3.42%, 0, 0, 4, 460.79, 152306, 1829
345, 0, 375, 623, 611, 179, 3.43%, 0, 0, 4, 465.57, 154665, 1836
350, 0, 375, 628, 616, 179, 3.43%, 0, 0, 4, 470.56, 157027, 1838
355, 0, 375, 633, 621, 179, 3.44%, 0, 0, 4, 471.19, 159470, 1839
360, 0, 375, 636, 624, 179, 3.44%, 0, 0, 4, 482.41, 161906, 1840
365, 0, 375, 644, 632, 179, 3.44%, 0, 0, 4, 471.00, 164256, 1843
370, 0, 375, 647, 635, 179, 3.45%, 0, 0, 4, 471.68, 166620, 1844
375, 0, 375, 648, 636, 179, 3.45%, 0, 0, 4, 472.96, 169004, 1844
380, 0, 375, 650, 638, 179, 3.45%, 0, 0, 4, 427.59, 171215, 1845
385, 0, 375, 652, 640, 179, 3.45%, 0, 0, 4, 467.47, 173644, 1846
390, 0, 375, 656, 644, 179, 3.45%, 0, 0, 4, 469.09, 175985, 1846
395, 0, 375, 658, 646, 179, 3.46%, 0, 0, 4, 472.77, 178381, 1849
400, 0, 375, 658, 646, 179, 3.46%, 0, 0, 4, 469.09, 180712, 1849
405, 0, 375, 660, 648, 179, 3.46%, 0, 0, 4, 482.25, 183149, 1849
411, 0, 375, 667, 655, 179, 3.46%, 0, 0, 4, 456.07, 185439, 1849
416, 0, 581, 669, 654, 201, 3.46%, 0, 0, 4, 454.22, 187694, 1850
421, 0, 645, 670, 652, 198, 3.46%, 0, 0, 4, 456.38, 189985, 1851
426, 0, 645, 677, 659, 198, 3.46%, 0, 0, 4, 457.60, 192323, 1852
431, 0, 645, 680, 662, 198, 3.46%, 0, 0, 4, 436.10, 194483, 1852
436, 0, 138, 685, 666, 200, 3.47%, 0, 0, 4, 443.58, 196710, 1855
441, 0, 310, 690, 670, 200, 3.47%, 0, 0, 4, 467.99, 199085, 1857
446, 0, 310, 695, 675, 200, 3.47%, 0, 0, 4, 467.57, 201447, 1857
451, 0, 310, 697, 677, 200, 3.47%, 0, 0, 4, 476.01, 203848, 1857
456, 0, 310, 698, 678, 200, 3.47%, 0, 0, 4, 456.66, 206133, 1857
461, 0, 310, 702, 682, 200, 3.47%, 0, 0, 4, 461.94, 208559, 1857
466, 0, 310, 705, 685, 200, 3.47%, 0, 0, 4, 459.83, 210968, 1858
471, 0, 310, 706, 686, 200, 3.47%, 0, 0, 4, 462.10, 213379, 1858
477, 0, 310, 706, 686, 200, 3.47%, 0, 0, 4, 476.40, 215845, 1858
482, 0, 310, 707, 687, 200, 3.47%, 0, 0, 4, 476.07, 218247, 1858
487, 0, 310, 709, 689, 200, 3.47%, 0, 0, 4, 462.27, 220657, 1858
492, 0, 310, 712, 692, 200, 3.47%, 0, 0, 4, 467.05, 223075, 1858
497, 0, 310, 713, 693, 200, 3.48%, 0, 0, 4, 462.55, 225378, 1860
502, 0, 310, 714, 694, 200, 3.49%, 0, 0, 4, 463.16, 227717, 1866
507, 0, 310, 715, 695, 200, 3.49%, 0, 0, 4, 464.74, 230020, 1866
512, 0, 341, 721, 700, 198, 3.49%, 0, 0, 4, 473.96, 232495, 1867
517, 0, 341, 722, 701, 198, 3.49%, 0, 0, 4, 469.45, 234863, 1867
522, 0, 341, 723, 702, 198, 3.49%, 0, 0, 4, 460.91, 237175, 1867
527, 0, 341, 726, 705, 198, 3.49%, 0, 0, 4, 452.91, 239458, 1868
532, 0, 341, 727, 706, 198, 3.49%, 0, 0, 4, 468.44, 241824, 1868
537, 0, 341, 731, 710, 198, 3.49%, 0, 0, 4, 471.95, 244223, 1868
542, 0, 341, 731, 710, 198, 3.49%, 0, 0, 4, 452.90, 246536, 1868
547, 0, 341, 732, 711, 198, 3.49%, 0, 0, 4, 463.57, 248875, 1868
553, 0, 341, 732, 711, 198, 3.49%, 0, 0, 4, 464.83, 251215, 1868
558, 0, 341, 732, 711, 198, 3.49%, 0, 0, 4, 431.08, 253371, 1868
563, 0, 341, 732, 711, 198, 3.49%, 0, 0, 4, 433.60, 255595, 1868
568, 0, 341, 734, 713, 198, 3.49%, 0, 0, 4, 448.58, 257819, 1868
573, 0, 341, 734, 713, 198, 3.49%, 0, 0, 4, 459.18, 260213, 1868
578, 0, 341, 734, 713, 198, 3.49%, 0, 0, 4, 465.56, 262553, 1868
583, 0, 16, 735, 713, 197, 3.49%, 0, 0, 4, 473.42, 264893, 1868
588, 0, 493, 743, 718, 194, 3.49%, 0, 0, 4, 474.72, 267296, 1869
593, 0, 564, 748, 721, 194, 3.50%, 0, 0, 5, 462.84, 269653, 1874
598, 0, 564, 752, 725, 194, 3.51%, 0, 0, 5, 467.06, 272016, 1876
603, 0, 564, 754, 727, 194, 3.51%, 0, 0, 5, 464.64, 274336, 1876
608, 0, 564, 755, 728, 194, 3.51%, 0, 0, 5, 473.52, 276720, 1876
613, 0, 564, 758, 731, 194, 3.51%, 0, 0, 5, 464.47, 279057, 1877
618, 0, 564, 758, 731, 194, 3.51%, 0, 0, 5, 469.03, 281505, 1877
624, 0, 564, 760, 733, 194, 3.51%, 0, 0, 5, 468.10, 283915, 1877
629, 0, 564, 761, 734, 194, 3.51%, 0, 0, 5, 470.31, 286362, 1877
634, 0, 564, 763, 736, 194, 3.51%, 0, 0, 5, 460.53, 288682, 1877
639, 0, 564, 765, 738, 194, 3.51%, 0, 0, 5, 468.70, 291038, 1880
644, 0, 564, 765, 738, 194, 3.51%, 0, 0, 5, 469.48, 293387, 1880
649, 0, 564, 766, 739, 194, 3.52%, 0, 0, 5, 464.32, 295798, 1881
654, 0, 564, 767, 740, 194, 3.52%, 0, 0, 5, 455.80, 298164, 1881
659, 0, 564, 769, 742, 194, 3.52%, 0, 0, 5, 466.44, 300529, 1881
664, 0, 405, 769, 741, 194, 3.52%, 0, 0, 5, 464.47, 302865, 1881
669, 0, 405, 781, 753, 194, 3.53%, 0, 0, 5, 475.81, 305361, 1891
674, 0, 405, 783, 755, 194, 3.53%, 0, 0, 5, 480.68, 307768, 1891
680, 0, 372, 788, 758, 195, 3.54%, 0, 0, 5, 456.79, 310126, 1893
685, 0, 389, 821, 790, 195, 3.59%, 0, 0, 5, 447.16, 312371, 1920
690, 0, 389, 833, 802, 195, 3.61%, 0, 0, 5, 461.28, 314712, 1930
695, 0, 389, 842, 811, 195, 3.61%, 0, 0, 5, 465.05, 317133, 1931
700, 0, 389, 853, 822, 195, 3.61%, 0, 0, 5, 454.94, 319399, 1933
705, 0, 389, 862, 831, 195, 3.63%, 0, 0, 5, 466.29, 321748, 1940
710, 0, 389, 869, 838, 195, 3.63%, 0, 0, 5, 459.06, 324054, 1942
715, 0, 389, 872, 841, 195, 3.63%, 0, 0, 5, 467.36, 326418, 1943
720, 0, 389, 873, 842, 195, 3.63%, 0, 0, 5, 468.87, 328748, 1943
725, 0, 389, 878, 847, 195, 3.63%, 0, 0, 5, 466.74, 331083, 1944
730, 0, 389, 883, 852, 195, 3.64%, 0, 0, 5, 469.71, 333526, 1949
735, 0, 389, 889, 858, 195, 3.65%, 0, 0, 5, 461.84, 335812, 1951
741, 0, 389, 894, 863, 195, 3.65%, 0, 0, 5, 465.22, 338258, 1951
746, 0, 389, 897, 866, 195, 3.65%, 0, 0, 5, 441.51, 340491, 1951
751, 0, 389, 900, 869, 195, 3.65%, 0, 0, 5, 448.00, 342763, 1951
756, 0, 389, 913, 882, 195, 3.65%, 0, 0, 5, 458.57, 345093, 1953
761, 0, 389, 919, 888, 195, 3.65%, 0, 0, 5, 463.24, 347409, 1954
766, 0, 389, 954, 923, 195, 3.66%, 0, 0, 5, 447.59, 349675, 1959
771, 0, 389, 966, 935, 195, 3.66%, 0, 0, 5, 448.89, 352006, 1959
776, 0, 255, 978, 946, 213, 3.67%, 0, 0, 5, 458.16, 354375, 1964
782, 0, 255, 979, 947, 213, 3.67%, 0, 0, 5, 471.57, 356840, 1966
787, 0, 255, 980, 948, 213, 3.67%, 0, 0, 5, 473.59, 359197, 1966
792, 0, 255, 980, 948, 213, 3.67%, 0, 0, 5, 473.70, 361582, 1966
797, 0, 255, 980, 948, 213, 3.67%, 0, 0, 5, 476.23, 363967, 1966
802, 0, 255, 980, 948, 213, 3.67%, 0, 0, 5, 456.82, 366208, 1966
807, 0, 255, 981, 949, 213, 3.68%, 0, 0, 5, 462.61, 368619, 1967
812, 0, 255, 981, 949, 213, 3.68%, 0, 0, 5, 475.17, 371022, 1967
817, 0, 255, 981, 949, 213, 3.68%, 0, 0, 5, 472.01, 373470, 1967
822, 0, 255, 981, 949, 213, 3.68%, 0, 0, 5, 461.72, 375756, 1967
827, 0, 255, 982, 950, 213, 3.68%, 0, 0, 5, 470.07, 378113, 1967
832, 0, 255, 982, 950, 213, 3.68%, 0, 0, 5, 461.12, 380444, 1967
837, 0, 255, 983, 951, 213, 3.68%, 0, 0, 5, 471.00, 382801, 1969
842, 0, 255, 983, 951, 213, 3.68%, 0, 0, 5, 473.72, 385186, 1969
847, 0, 87, 985, 952, 218, 3.68%, 0, 0, 5, 470.49, 387551, 1969
852, 0, 284, 1002, 967, 216, 3.83%, 0, 0, 5, 465.40, 389888, 2048
857, 0, 284, 1012, 977, 216, 3.85%, 0, 0, 5, 469.56, 392282, 2058
863, 0, 284, 1013, 978, 216, 3.85%, 0, 0, 5, 464.46, 394684, 2060
868, 0, 284, 1015, 980, 216, 3.86%, 0, 0, 5, 467.01, 397013, 2063
873, 0, 284, 1017, 982, 216, 3.87%, 0, 0, 5, 444.59, 399260, 2069
878, 0, 284, 1019, 984, 216, 3.87%, 0, 0, 5, 467.40, 401617, 2071
883, 0, 284, 1019, 984, 216, 3.87%, 0, 0, 5, 470.60, 403975, 2071
888, 0, 284, 1020, 985, 216, 3.87%, 0, 0, 5, 470.46, 406350, 2071
893, 0, 284, 1022, 987, 216, 3.87%, 0, 0, 5, 466.15, 408688, 2071
898, 0, 284, 1023, 988, 216, 3.87%, 0, 0, 5, 472.35, 411144, 2071
903, 0, 284, 1023, 988, 216, 3.87%, 0, 0, 5, 467.63, 413493, 2071
908, 0, 284, 1023, 988, 216, 3.87%, 0, 0, 5, 470.73, 415860, 2071
913, 0, 284, 1023, 988, 216, 3.87%, 0, 0, 5, 458.58, 418164, 2071
918, 0, 284, 1024, 989, 216, 3.87%, 0, 0, 5, 472.83, 420566, 2071
923, 0, 2, 1025, 989, 232, 3.87%, 0, 0, 5, 477.46, 423038, 2071
928, 0, 382, 1033, 995, 229, 3.88%, 0, 0, 5, 459.24, 425363, 2077
933, 0, 382, 1039, 1001, 229, 3.88%, 0, 0, 5, 425.35, 427485, 2077
938, 0, 656, 1040, 1000, 230, 3.88%, 0, 0, 5, 457.97, 429872, 2078
943, 0, 259, 1046, 1005, 229, 3.92%, 0, 0, 5, 467.82, 432241, 2098
949, 0, 259, 1047, 1006, 229, 3.92%, 0, 0, 5, 470.29, 434679, 2099
954, 0, 259, 1049, 1008, 229, 3.94%, 0, 0, 5, 471.17, 437053, 2106
959, 0, 259, 1050, 1009, 229, 3.94%, 0, 0, 5, 471.22, 439410, 2107
964, 0, 259, 1052, 1011, 229, 3.94%, 0, 0, 5, 454.35, 441712, 2109
969, 0, 259, 1054, 1013, 229, 3.94%, 0, 0, 5, 467.25, 444086, 2111
974, 0, 259, 1054, 1013, 229, 3.94%, 0, 0, 5, 476.56, 446498, 2111
979, 0, 259, 1054, 1013, 229, 3.94%, 0, 0, 5, 464.56, 448829, 2111
984, 0, 259, 1054, 1013, 229, 3.94%, 0, 0, 5, 460.16, 451223, 2111
989, 0, 259, 1054, 1013, 229, 3.94%, 0, 0, 5, 461.32, 453635, 2111
994, 0, 259, 1055, 1014, 229, 3.94%, 0, 0, 5, 460.94, 455974, 2111
999, 0, 259, 1055, 1014, 229, 3.94%, 0, 0, 5, 472.10, 458350, 2111
1004, 0, 259, 1055, 1014, 229, 3.94%, 0, 0, 5, 468.99, 460699, 2111
1010, 0, 259, 1055, 1014, 229, 3.94%, 0, 0, 5, 481.55, 463210, 2111
1015, 0, 1043, 1056, 1012, 240, 3.94%, 0, 0, 5, 469.51, 465640, 2111
1020, 0, 667, 1059, 1012, 238, 3.94%, 0, 0, 5, 478.44, 468114, 2111
1025, 0, 996, 1062, 1013, 236, 3.94%, 0, 0, 5, 402.83, 470064, 2111
1030, 0, 687, 1065, 1013, 233, 3.95%, 0, 0, 5, 440.05, 472259, 2112
1035, 0, 46, 1067, 1012, 230, 3.95%, 0, 0, 5, 456.67, 474633, 2113
1040, 0, 57, 1075, 1018, 229, 3.95%, 0, 0, 5, 457.44, 476975, 2115
1045, 0, 992, 1078, 1020, 230, 3.95%, 0, 0, 5, 451.62, 479203, 2115
1050, 0, 440, 1081, 1020, 228, 3.95%, 0, 0, 5, 460.50, 481588, 2116
1055, 0, 519, 1083, 1019, 225, 3.95%, 0, 0, 5, 447.19, 483803, 2116
1061, 0, 669, 1095, 1030, 224, 3.96%, 0, 0, 5, 457.06, 486184, 2119
1066, 0, 669, 1100, 1035, 224, 3.96%, 0, 0, 5, 433.71, 488405, 2119
1071, 0, 807, 1102, 1036, 221, 3.96%, 0, 0, 5, 399.43, 490432, 2119
1076, 0, 807, 1115, 1049, 221, 3.96%, 0, 0, 5, 400.31, 492359, 2119
1081, 0, 807, 1123, 1057, 221, 3.96%, 0, 0, 5, 419.22, 494527, 2119
1086, 0, 67, 1125, 1057, 219, 3.96%, 0, 0, 5, 420.86, 496675, 2119
1091, 0, 697, 1129, 1059, 218, 3.96%, 0, 0, 5, 439.12, 498854, 2119
1096, 0, 1071, 1136, 1065, 217, 3.96%, 0, 0, 5, 434.11, 501052, 2119
1101, 0, 1071, 1144, 1073, 217, 3.98%, 0, 0, 5, 450.51, 503422, 2132
1106, 0, 1071, 1149, 1078, 217, 3.98%, 0, 0, 5, 441.13, 505692, 2132
1112, 0, 1071, 1150, 1079, 217, 3.98%, 0, 0, 5, 439.40, 507988, 2132
1117, 0, 1071, 1151, 1080, 217, 3.98%, 0, 0, 5, 426.35, 510116, 2132
1122, 0, 1071, 1151, 1080, 217, 3.98%, 0, 0, 5, 400.80, 512058, 2132
1127, 0, 1071, 1151, 1080, 217, 3.98%, 0, 0, 5, 442.43, 514404, 2132
1132, 0, 1071, 1152, 1081, 217, 3.99%, 0, 0, 5, 439.50, 516604, 2133
1137, 0, 1071, 1156, 1085, 217, 3.99%, 0, 0, 5, 418.13, 518764, 2133
1142, 0, 1071, 1156, 1085, 217, 3.99%, 0, 0, 5, 451.13, 521113, 2133
1147, 0, 1071, 1158, 1087, 217, 3.99%, 0, 0, 5, 452.70, 523397, 2133
1152, 0, 1071, 1161, 1090, 217, 3.99%, 0, 0, 5, 445.89, 525636, 2133
1157, 0, 1071, 1163, 1092, 217, 3.99%, 0, 0, 5, 443.58, 527836, 2134
1162, 0, 1071, 1165, 1094, 217, 3.99%, 0, 0, 5, 453.06, 530140, 2134
1167, 0, 1071, 1165, 1094, 217, 3.99%, 0, 0, 5, 455.79, 532408, 2134
1173, 0, 879, 1168, 1095, 213, 3.99%, 0, 0, 5, 466.78, 534832, 2136
1178, 0, 879, 1173, 1100, 213, 4.00%, 0, 0, 5, 477.82, 537239, 2139
1183, 0, 879, 1174, 1101, 213, 4.00%, 0, 0, 5, 469.75, 539578, 2139
1188, 0, 879, 1174, 1101, 213, 4.00%, 0, 0, 5, 459.59, 541900, 2139
1193, 0, 879, 1175, 1102, 213, 4.00%, 0, 0, 5, 464.37, 544338, 2139
1198, 0, 879, 1179, 1106, 213, 4.06%, 0, 0, 5, 459.50, 546737, 2171
1203, 0, 879, 1179, 1106, 213, 4.06%, 0, 0, 5, 467.36, 549095, 2171
1208, 0, 879, 1179, 1106, 213, 4.06%, 0, 0, 5, 466.08, 551426, 2171
1213, 0, 879, 1179, 1106, 213, 4.06%, 0, 0, 5, 471.26, 553874, 2171
1218, 0, 879, 1180, 1107, 213, 4.06%, 0, 0, 5, 461.47, 556177, 2171
1223, 0, 879, 1182, 1109, 213, 4.06%, 0, 0, 5, 462.48, 558533, 2172
1228, 0, 879, 1183, 1110, 213, 4.06%, 0, 0, 5, 462.85, 560845, 2172
1233, 0, 879, 1186, 1113, 213, 4.06%, 0, 0, 5, 465.58, 563191, 2174
1238, 0, 879, 1188, 1115, 213, 4.09%, 0, 0, 5, 467.35, 565583, 2189
1243, 0, 420, 1191, 1117, 218, 4.14%, 0, 0, 5, 468.49, 567924, 2215
1248, 0, 1051, 1201, 1126, 218, 4.14%, 0, 0, 5, 468.49, 570297, 2216
1253, 0, 1051, 1205, 1130, 218, 4.14%, 0, 0, 5, 454.39, 572570, 2216
1259, 0, 253, 1211, 1134, 216, 4.14%, 0, 0, 5, 455.59, 574872, 2216
1264, 0, 253, 1219, 1142, 216, 4.14%, 0, 0, 5, 420.39, 576919, 2216
1269, 0, 543, 1222, 1144, 216, 4.14%, 0, 0, 5, 427.47, 579108, 2217
1274, 0, 466, 1231, 1151, 215, 4.14%, 0, 0, 5, 438.29, 581359, 2217
1279, 0, 466, 1240, 1160, 215, 4.20%, 0, 0, 5, 422.76, 583479, 2246
1284, 0, 457, 1244, 1163, 216, 4.20%, 0, 0, 5, 419.11, 585632, 2246
1289, 0, 252, 1246, 1163, 214, 4.20%, 0, 0, 5, 452.94, 588034, 2246
1294, 0, 1151, 1249, 1164, 212, 4.20%, 0, 0, 5, 462.29, 590382, 2246
1299, 0, 193, 1249, 1161, 209, 4.20%, 0, 0, 5, 462.30, 592734, 2246
1304, 0, 10, 1249, 1158, 206, 4.20%, 0, 0, 5, 453.24, 595032, 2246
1309, 0, 1187, 1254, 1161, 202, 4.23%, 0, 0, 5, 445.29, 597193, 2261
1315, 0, 1187, 1254, 1161, 202, 4.23%, 0, 0, 5, 449.53, 599561, 2261
1320, 0, 1187, 1257, 1164, 202, 4.23%, 0, 0, 5, 463.54, 601894, 2262
1325, 0, 1187, 1258, 1165, 202, 4.23%, 0, 0, 5, 459.90, 604197, 2262
1330, 0, 1187, 1260, 1167, 202, 4.23%, 0, 0, 5, 453.50, 606499, 2262
1335, 0, 1187, 1262, 1169, 202, 4.23%, 0, 0, 5, 471.77, 608981, 2262
1340, 0, 1187, 1265, 1172, 202, 4.23%, 0, 0, 5, 459.63, 611291, 2263
1345, 0, 1187, 1268, 1175, 202, 4.23%, 0, 0, 5, 460.64, 613601, 2265
1350, 0, 1187, 1268, 1175, 202, 4.23%, 0, 0, 5, 469.66, 616049, 2265
1355, 0, 1187, 1268, 1175, 202, 4.23%, 0, 0, 5, 462.90, 618362, 2265
1360, 0, 1187, 1268, 1175, 202, 4.23%, 0, 0, 5, 469.52, 620720, 2265
1365, 0, 1187, 1269, 1176, 202, 4.23%, 0, 0, 5, 463.86, 623113, 2265
1370, 0, 1187, 1270, 1177, 202, 4.23%, 0, 0, 5, 471.51, 625560, 2265
1376, 0, 1187, 1270, 1177, 202, 4.23%, 0, 0, 5, 462.33, 627873, 2265
1381, 0, 1187, 1272, 1179, 202, 4.24%, 0, 0, 5, 466.08, 630212, 2267
1386, 0, 402, 1275, 1179, 202, 4.24%, 0, 0, 5, 461.59, 632592, 2267
1391, 0, 1141, 1280, 1182, 202, 4.24%, 0, 0, 5, 466.94, 634943, 2271
1396, 0, 1141, 1283, 1185, 202, 4.25%, 0, 0, 5, 465.20, 637325, 2272
1401, 0, 1141, 1284, 1186, 202, 4.25%, 0, 0, 5, 463.39, 639646, 2272
1406, 0, 1141, 1285, 1187, 202, 4.25%, 0, 0, 5, 464.70, 642003, 2274
1411, 0, 1141, 1286, 1188, 202, 4.25%, 0, 0, 5, 449.60, 644244, 2274
1416, 0, 1141, 1286, 1188, 202, 4.25%, 0, 0, 5, 457.24, 646628, 2274
1421, 0, 1141, 1286, 1188, 202, 4.25%, 0, 0, 5, 464.90, 648968, 2274
1426, 0, 1141, 1288, 1190, 202, 4.25%, 0, 0, 5, 457.12, 651261, 2274
1431, 0, 1141, 1289, 1191, 202, 4.25%, 0, 0, 5, 472.65, 653654, 2274
1436, 0, 1141, 1289, 1191, 202, 4.25%, 0, 0, 5, 468.59, 656084, 2274
1442, 0, 1141, 1290, 1192, 202, 4.25%, 0, 0, 5, 470.21, 658540, 2274
1447, 0, 1141, 1291, 1193, 202, 4.25%, 0, 0, 5, 475.06, 661005, 2274
1452, 0, 1141, 1291, 1193, 202, 4.25%, 0, 0, 5, 472.42, 663363, 2274
1457, 0, 1141, 1291, 1193, 202, 4.25%, 0, 0, 5, 473.24, 665757, 2274
1462, 0, 1141, 1295, 1197, 202, 4.25%, 0, 0, 5, 454.88, 668045, 2274
1467, 0, 848, 1304, 1205, 206, 4.25%, 0, 0, 5, 473.78, 670427, 2276
1472, 0, 848, 1305, 1206, 206, 4.25%, 0, 0, 5, 471.09, 672865, 2276
1477, 0, 848, 1307, 1208, 206, 4.26%, 0, 0, 5, 472.29, 675230, 2279
1482, 0, 848, 1307, 1208, 206, 4.26%, 0, 0, 5, 466.60, 677570, 2279
1487, 0, 848, 1307, 1208, 206, 4.26%, 0, 0, 5, 480.12, 680081, 2279
1492, 0, 848, 1308, 1209, 206, 4.26%, 0, 0, 5, 428.44, 682239, 2279
1497, 0, 848, 1311, 1212, 206, 4.26%, 0, 0, 5, 447.50, 684447, 2281
1503, 0, 848, 1312, 1213, 206, 4.26%, 0, 0, 5, 453.57, 686817, 2281
1508, 0, 848, 1313, 1214, 206, 4.26%, 0, 0, 5, 437.33, 689015, 2281
1513, 0, 848, 1313, 1214, 206, 4.26%, 0, 0, 5, 441.61, 691135, 2281
1518, 0, 848, 1314, 1215, 206, 4.26%, 0, 0, 5, 436.22, 693263, 2281
1523, 0, 848, 1314, 1215, 206, 4.26%, 0, 0, 5, 459.96, 695590, 2281
1528, 0, 848, 1314, 1215, 206, 4.26%, 0, 0, 5, 454.05, 697903, 2281
1533, 0, 848, 1314, 1215, 206, 4.26%, 0, 0, 5, 441.97, 700103, 2281
1538, 0, 171, 1315, 1214, 211, 4.26%, 0, 0, 5, 459.22, 702438, 2281
1543, 0, 1176, 1321, 1218, 209, 4.26%, 0, 0, 5, 472.03, 704910, 2282
1548, 0, 1176, 1325, 1222, 209, 4.27%, 0, 0, 5, 480.79, 707435, 2285
1554, 0, 1176, 1328, 1225, 209, 4.27%, 0, 0, 5, 472.87, 709889, 2286
1559, 0, 1176, 1329, 1226, 209, 4.27%, 0, 0, 5, 463.55, 712300, 2286
1564, 0, 1176, 1330, 1227, 209, 4.27%, 0, 0, 5, 469.39, 714666, 2286
1569, 0, 1176, 1330, 1227, 209, 4.27%, 0, 0, 5, 476.58, 717069, 2286
1574, 0, 1176, 1331, 1228, 209, 4.27%, 0, 0, 5, 467.92, 719408, 2286
1579, 0, 1176, 1331, 1228, 209, 4.27%, 0, 0, 5, 425.22, 721566, 2286
1584, 0, 1176, 1331, 1228, 209, 4.27%, 0, 0, 5, 437.49, 723750, 2286
1589, 0, 1176, 1332, 1229, 209, 4.27%, 0, 0, 5, 368.38, 725650, 2286
1594, 0, 1176, 1334, 1231, 209, 4.27%, 0, 0, 5, 389.78, 727612, 2286
1599, 0, 1176, 1334, 1231, 209, 4.27%, 0, 0, 5, 377.75, 729538, 2286
1604, 0, 1176, 1336, 1233, 209, 4.27%, 0, 0, 5, 433.38, 731767, 2286
1609, 0, 1176, 1337, 1234, 209, 4.27%, 0, 0, 5, 442.96, 734095, 2286
1615, 0, 1176, 1337, 1234, 209, 4.27%, 0, 0, 5, 408.23, 736271, 2286
1620, 0, 1036, 1340, 1236, 212, 4.28%, 0, 0, 5, 389.22, 738260, 2288
1625, 0, 1278, 1341, 1235, 210, 4.28%, 0, 0, 5, 413.72, 740424, 2288
1630, 0, 1325, 1347, 1240, 209, 4.28%, 0, 0, 6, 419.97, 742639, 2288
1635, 0, 1325, 1350, 1243, 209, 4.28%, 0, 0, 6, 439.34, 744863, 2288
1640, 0, 1325, 1351, 1244, 209, 4.28%, 0, 0, 6, 396.91, 746871, 2288
1645, 0, 1325, 1354, 1247, 209, 4.28%, 0, 0, 6, 430.77, 749087, 2288
1651, 0, 1325, 1356, 1249, 209, 4.29%, 0, 0, 6, 442.87, 751383, 2294
1656, 0, 1325, 1356, 1249, 209, 4.29%, 0, 0, 6, 421.16, 753463, 2294
1661, 0, 1325, 1356, 1249, 209, 4.29%, 0, 0, 6, 446.72, 755743, 2294
1666, 0, 1325, 1356, 1249, 209, 4.29%, 0, 0, 6, 434.01, 757927, 2294
1671, 0, 1325, 1357, 1250, 209, 4.29%, 0, 0, 6, 393.88, 759984, 2294
1676, 0, 1325, 1357, 1250, 209, 4.29%, 0, 0, 6, 405.55, 762007, 2294
1681, 0, 1325, 1357, 1250, 209, 4.29%, 0, 0, 6, 381.67, 763953, 2294
1686, 0, 1325, 1358, 1251, 209, 4.29%, 0, 0, 6, 402.25, 765935, 2294
1691, 0, 1325, 1358, 1251, 209, 4.29%, 0, 0, 6, 425.16, 768151, 2294
1696, 0, 1325, 1359, 1252, 209, 4.29%, 0, 0, 6, 436.93, 770407, 2294
1701, 0, 1325, 1359, 1252, 209, 4.29%, 0, 0, 6, 406.51, 772407, 2294
1707, 0, 1325, 1359, 1252, 209, 4.29%, 0, 0, 6, 417.48, 774591, 2294
1712, 0, 1189, 1369, 1260, 208, 4.29%, 0, 0, 6, 435.65, 776806, 2298
1717, 0, 1189, 1375, 1266, 208, 4.31%, 0, 0, 6, 447.50, 779086, 2307
1722, 0, 1189, 1377, 1268, 208, 4.31%, 0, 0, 6, 456.32, 781460, 2308
1727, 0, 1189, 1377, 1268, 208, 4.31%, 0, 0, 6, 449.83, 783702, 2308
1732, 0, 1189, 1379, 1270, 208, 4.32%, 0, 0, 6, 437.72, 785966, 2310
1737, 0, 1189, 1379, 1270, 208, 4.32%, 0, 0, 6, 383.60, 787973, 2310
1742, 0, 1189, 1379, 1270, 208, 4.32%, 0, 0, 6, 437.97, 790215, 2310
1747, 0, 1189, 1380, 1271, 208, 4.32%, 0, 0, 6, 445.29, 792471, 2310
1752, 0, 1189, 1380, 1271, 208, 4.32%, 0, 0, 6, 453.59, 794859, 2310
1757, 0, 1189, 1381, 1272, 208, 4.32%, 0, 0, 6, 428.62, 797015, 2310
1763, 0, 1189, 1381, 1272, 208, 4.32%, 0, 0, 6, 446.15, 799311, 2310
1768, 0, 1189, 1381, 1272, 208, 4.32%, 0, 0, 6, 453.77, 801680, 2310
1773, 0, 1189, 1381, 1272, 208, 4.32%, 0, 0, 6, 413.33, 803687, 2310
1778, 0, 1189, 1381, 1272, 208, 4.32%, 0, 0, 6, 419.56, 805911, 2310
1783, 0, 1189, 1381, 1272, 208, 4.32%, 0, 0, 6, 427.91, 808055, 2310
1788, 0, 886, 1381, 1271, 221, 4.32%, 0, 0, 6, 417.46, 810089, 2310
1793, 0, 1009, 1382, 1269, 219, 4.32%, 0, 0, 6, 440.90, 812397, 2313
1798, 0, 1009, 1386, 1273, 219, 4.32%, 0, 0, 6, 431.45, 814557, 2314
1804, 0, 1009, 1389, 1276, 219, 4.32%, 0, 0, 6, 430.30, 816805, 2314
1809, 0, 1009, 1389, 1276, 219, 4.32%, 0, 0, 6, 423.73, 819053, 2314
1814, 0, 1009, 1391, 1278, 219, 4.33%, 0, 0, 6, 411.76, 821093, 2316
1819, 0, 1009, 1392, 1279, 219, 4.33%, 0, 0, 6, 394.98, 823111, 2316
1824, 0, 1009, 1393, 1280, 219, 4.33%, 0, 0, 6, 397.95, 825170, 2316
1829, 0, 1009, 1395, 1282, 219, 4.33%, 0, 0, 6, 396.93, 827181, 2316
1834, 0, 1009, 1395, 1282, 219, 4.33%, 0, 0, 6, 398.87, 829213, 2316
1839, 0, 1009, 1395, 1282, 219, 4.33%, 0, 0, 6, 415.45, 831317, 2316
1844, 0, 1009, 1395, 1282, 219, 4.33%, 0, 0, 6, 397.62, 833327, 2316
1849, 0, 1009, 1395, 1282, 219, 4.33%, 0, 0, 6, 412.74, 835381, 2316
1854, 0, 1009, 1395, 1282, 219, 4.33%, 0, 0, 6, 402.78, 837445, 2316
1859, 0, 1009, 1396, 1283, 219, 4.33%, 0, 0, 6, 393.62, 839383, 2316
1864, 0, 1009, 1397, 1284, 219, 4.33%, 0, 0, 6, 431.44, 841653, 2316
1869, 0, 1009, 1398, 1285, 219, 4.33%, 0, 0, 6, 414.20, 843725, 2316
1874, 0, 428, 1400, 1286, 221, 4.33%, 0, 0, 6, 429.53, 845873, 2316
1880, 0, 1332, 1401, 1285, 219, 4.33%, 0, 0, 6, 438.46, 848165, 2316
1885, 0, 1332, 1408, 1292, 219, 4.33%, 0, 0, 6, 391.49, 850094, 2318
1890, 0, 1332, 1408, 1292, 219, 4.33%, 0, 0, 6, 370.68, 851935, 2318
1895, 0, 1390, 1412, 1295, 219, 4.33%, 0, 0, 6, 403.68, 853995, 2318
1900, 0, 743, 1436, 1318, 218, 4.34%, 0, 0, 6, 379.00, 855912, 2323
1905, 0, 743, 1443, 1325, 218, 4.34%, 0, 0, 6, 385.58, 857851, 2323
1910, 0, 470, 1452, 1333, 217, 4.34%, 0, 0, 6, 386.53, 859836, 2323
1915, 0, 1328, 1475, 1355, 216, 4.36%, 0, 0, 6, 372.20, 861769, 2332
1920, 0, 1328, 1484, 1364, 216, 4.37%, 0, 0, 6, 350.54, 863493, 2338
1925, 0, 1328, 1487, 1367, 216, 4.37%, 0, 0, 6, 344.83, 865165, 2338
1930, 0, 1018, 1488, 1367, 223, 4.42%, 0, 0, 6, 370.83, 867136, 2364
1935, 0, 1168, 1488, 1365, 222, 4.42%, 0, 0, 6, 390.83, 869180, 2364
1940, 0, 1168, 1546, 1422, 221, 4.76%, 0, 0, 6, 436.28, 871450, 2548
1946, 0, 1448, 1620, 1496, 285, 4.94%, 0, 0, 6, 417.34, 873561, 2642
1951, 0, 1603, 1625, 1499, 283, 4.94%, 0, 0, 6, 447.23, 875823, 2642
1956, 0, 1603, 1630, 1504, 283, 4.94%, 0, 0, 6, 452.79, 878076, 2645
1961, 0, 1603, 1633, 1507, 283, 4.94%, 0, 0, 6, 455.18, 880386, 2645
1966, 0, 177, 1633, 1506, 285, 4.94%, 0, 0, 6, 463.46, 882723, 2645
1971, 0, 1468, 1636, 1507, 283, 4.94%, 0, 0, 7, 420.36, 884952, 2645
1976, 0, 1468, 1637, 1508, 283, 4.94%, 0, 0, 7, 389.73, 886856, 2645
1981, 0, 1468, 1638, 1509, 283, 4.94%, 0, 0, 7, 382.31, 888817, 2646
1986, 0, 1468, 1640, 1511, 283, 4.94%, 0, 0, 7, 382.22, 890709, 2646
1991, 0, 1468, 1641, 1512, 283, 4.94%, 0, 0, 7, 377.25, 892621, 2646
1996, 0, 1468, 1641, 1512, 283, 4.94%, 0, 0, 7, 377.35, 894574, 2646
2001, 0, 1468, 1642, 1513, 283, 4.94%, 0, 0, 7, 382.23, 896507, 2646
2006, 0, 1468, 1642, 1513, 283, 4.94%, 0, 0, 7, 379.01, 898411, 2646
2011, 0, 1468, 1642, 1513, 283, 4.94%, 0, 0, 7, 378.61, 900308, 2646
2017, 0, 1468, 1642, 1513, 283, 4.94%, 0, 0, 7, 374.38, 902240, 2646
2022, 0, 1468, 1642, 1513, 283, 4.94%, 0, 0, 7, 380.49, 904214, 2646
2027, 0, 1468, 1643, 1514, 283, 4.94%, 0, 0, 7, 377.41, 906105, 2646
2032, 0, 1468, 1645, 1516, 283, 4.94%, 0, 0, 7, 376.08, 908011, 2646
2037, 0, 1468, 1645, 1516, 283, 4.94%, 0, 0, 7, 380.20, 909978, 2646
2042, 0, 1468, 1646, 1517, 283, 4.94%, 0, 0, 7, 371.42, 911911, 2646
2047, 0, 1468, 1646, 1517, 283, 4.94%, 0, 0, 7, 345.52, 913666, 2646
2052, 0, 1468, 1646, 1517, 283, 4.94%, 0, 0, 7, 319.83, 915244, 2646
2058, 0, 1468, 1647, 1518, 283, 4.94%, 0, 0, 7, 350.78, 917052, 2646
2063, 0, 1468, 1653, 1524, 283, 4.94%, 0, 0, 7, 359.03, 918939, 2646
2068, 0, 1468, 1654, 1525, 283, 4.94%, 0, 0, 7, 338.44, 920612, 2646
2073, 0, 1468, 1656, 1527, 283, 4.94%, 0, 0, 7, 332.99, 922314, 2646
2078, 0, 1277, 1656, 1524, 282, 4.94%, 0, 0, 7, 388.29, 924421, 2646
2083, 0, 671, 1658, 1525, 281, 4.94%, 0, 0, 7, 428.05, 926583, 2646
2088, 0, 1421, 1660, 1526, 280, 4.94%, 0, 0, 7, 417.05, 928696, 2646
2093, 0, 1519, 1663, 1528, 280, 4.94%, 0, 0, 7, 409.91, 930722, 2646
2098, 0, 1126, 1664, 1528, 279, 4.94%, 0, 0, 7, 440.79, 933076, 2646
2103, 0, 1284, 1665, 1528, 278, 4.94%, 0, 0, 7, 427.43, 935300, 2646
2108, 0, 1659, 1673, 1534, 277, 4.95%, 0, 0, 7, 389.52, 937283, 2647
2113, 0, 1659, 1682, 1543, 277, 4.95%, 0, 0, 7, 351.82, 939007, 2648
2118, 0, 1659, 1687, 1548, 277, 4.95%, 0, 0, 7, 343.33, 940661, 2649
2123, 0, 1569, 1688, 1547, 277, 4.95%, 0, 0, 7, 392.91, 942629, 2649
2129, 0, 1617, 1689, 1545, 274, 4.95%, 0, 0, 7, 435.70, 944844, 2651
2134, 0, 1617, 1700, 1556, 274, 4.98%, 0, 0, 7, 447.24, 947172, 2665
2139, 0, 1617, 1707, 1563, 274, 5.02%, 0, 0, 7, 457.79, 949572, 2686
2144, 0, 1617, 1716, 1572, 274, 5.05%, 0, 0, 7, 463.44, 951912, 2700
2149, 0, 1617, 1720, 1576, 274, 5.06%, 0, 0, 7, 460.35, 954239, 2707
2154, 0, 1617, 1723, 1579, 274, 5.06%, 0, 0, 7, 464.49, 956594, 2709
2159, 0, 1617, 1728, 1584, 274, 5.08%, 0, 0, 7, 461.94, 958997, 2716
2164, 0, 1617, 1729, 1585, 274, 5.08%, 0, 0, 7, 465.31, 961331, 2716
2169, 0, 1617, 1729, 1585, 274, 5.08%, 0, 0, 7, 460.63, 963725, 2716
2174, 0, 1617, 1730, 1586, 274, 5.08%, 0, 0, 7, 453.65, 966010, 2717
2179, 0, 1617, 1731, 1587, 274, 5.08%, 0, 0, 7, 466.33, 968367, 2717
2184, 0, 1617, 1732, 1588, 274, 5.08%, 0, 0, 7, 454.47, 970643, 2717
2189, 0, 1617, 1733, 1589, 274, 5.08%, 0, 0, 7, 453.13, 972919, 2717
2195, 0, 1617, 1736, 1592, 274, 5.08%, 0, 0, 7, 436.71, 975124, 2719
2200, 0, 1617, 1737, 1593, 274, 5.08%, 0, 0, 7, 453.63, 977487, 2720
2205, 0, 1305, 1743, 1598, 294, 5.09%, 0, 0, 7, 454.28, 979807, 2726
2210, 0, 1305, 1745, 1600, 294, 5.09%, 0, 0, 7, 452.39, 982064, 2726
2215, 0, 821, 1746, 1600, 292, 5.09%, 0, 0, 7, 456.60, 984373, 2726
2220, 0, 1723, 1749, 1600, 289, 5.09%, 0, 0, 7, 452.46, 986631, 2726
2225, 0, 1723, 1766, 1617, 289, 5.11%, 0, 0, 7, 448.89, 988978, 2736
2230, 0, 1723, 1770, 1621, 289, 5.12%, 0, 0, 7, 464.31, 991425, 2738
2235, 0, 1723, 1777, 1628, 289, 5.13%, 0, 0, 7, 465.90, 993848, 2743
2241, 0, 1723, 1781, 1632, 289, 5.13%, 0, 0, 7, 471.25, 996292, 2745
2246, 0, 1723, 1787, 1638, 289, 5.13%, 0, 0, 7, 462.32, 998608, 2745
2251, 0, 1723, 1789, 1640, 289, 5.13%, 0, 0, 7, 458.27, 1000991, 2745
2256, 0, 1723, 1791, 1642, 289, 5.13%, 0, 0, 7, 467.09, 1003374, 2746
2261, 0, 1723, 1793, 1644, 289, 5.14%, 0, 0, 7, 473.69, 1005847, 2748
2266, 0, 1723, 1793, 1644, 289, 5.14%, 0, 0, 7, 470.35, 1008277, 2748
2271, 0, 1723, 1795, 1646, 289, 5.14%, 0, 0, 7, 457.11, 1010543, 2748
2277, 0, 1723, 1797, 1648, 289, 5.14%, 0, 0, 7, 461.86, 1012863, 2749
2282, 0, 1723, 1801, 1652, 289, 5.14%, 0, 0, 7, 457.31, 1015172, 2749
2287, 0, 1723, 1803, 1654, 289, 5.14%, 0, 0, 7, 460.46, 1017510, 2750
2292, 0, 1723, 1806, 1657, 289, 5.14%, 0, 0, 7, 467.67, 1019868, 2750
2297, 0, 1555, 1808, 1657, 305, 5.14%, 0, 0, 7, 467.19, 1022202, 2750
2302, 0, 1555, 1810, 1659, 305, 5.14%, 0, 0, 7, 459.17, 1024491, 2750
2307, 0, 741, 1812, 1660, 304, 5.14%, 0, 0, 7, 371.42, 1026296, 2750
2312, 0, 358, 1813, 1660, 303, 5.14%, 0, 0, 7, 432.19, 1028530, 2750
2317, 0, 1562, 1815, 1660, 301, 5.14%, 0, 0, 7, 450.65, 1030817, 2751
2322, 0, 1558, 1821, 1663, 302, 5.16%, 0, 0, 7, 466.64, 1033150, 2759
2327, 0, 1558, 1827, 1669, 302, 5.16%, 0, 0, 7, 464.85, 1035493, 2763
2332, 0, 1558, 1832, 1674, 302, 5.17%, 0, 0, 7, 466.98, 1037934, 2765
2337, 0, 1558, 1833, 1675, 302, 5.17%, 0, 0, 7, 471.50, 1040383, 2766
2342, 0, 1558, 1834, 1676, 302, 5.17%, 0, 0, 7, 467.43, 1042713, 2766
2347, 0, 1558, 1837, 1679, 302, 5.17%, 0, 0, 7, 459.65, 1044996, 2768
2353, 0, 1558, 1838, 1680, 302, 5.17%, 0, 0, 7, 466.23, 1047434, 2768
2358, 0, 1558, 1838, 1680, 302, 5.17%, 0, 0, 7, 448.26, 1049671, 2768
2363, 0, 1558, 1838, 1680, 302, 5.17%, 0, 0, 7, 466.42, 1052096, 2768
2368, 0, 1558, 1838, 1680, 302, 5.17%, 0, 0, 7, 471.61, 1054472, 2768
2373, 0, 1558, 1839, 1681, 302, 5.17%, 0, 0, 7, 465.52, 1056802, 2768
2378, 0, 1558, 1840, 1682, 302, 5.17%, 0, 0, 7, 467.50, 1059132, 2768
2383, 0, 1558, 1842, 1684, 302, 5.17%, 0, 0, 7, 461.54, 1061425, 2769
2388, 0, 1558, 1842, 1684, 302, 5.17%, 0, 0, 7, 450.28, 1063720, 2769
2393, 0, 1558, 1843, 1685, 302, 5.17%, 0, 0, 7, 465.67, 1066152, 2769
2398, 0, 1734, 1855, 1695, 308, 5.19%, 0, 0, 7, 423.28, 1068312, 2780
2403, 0, 1734, 1858, 1698, 308, 5.19%, 0, 0, 7, 378.21, 1070169, 2780
2409, 0, 1734, 1861, 1701, 308, 5.19%, 0, 0, 7, 376.42, 1072023, 2780
2414, 0, 1306, 1861, 1698, 308, 5.19%, 0, 0, 7, 443.89, 1074413, 2780
2419, 0, 1532, 1865, 1700, 306, 5.20%, 0, 0, 7, 461.54, 1076767, 2784
2424, 0, 1532, 1866, 1701, 306, 5.20%, 0, 0, 7, 470.47, 1079133, 2784
2429, 0, 1532, 1866, 1701, 306, 5.20%, 0, 0, 7, 467.43, 1081473, 2784
2434, 0, 1532, 1868, 1703, 306, 5.20%, 0, 0, 7, 462.59, 1083784, 2784
2439, 0, 1532, 1868, 1703, 306, 5.20%, 0, 0, 7, 459.55, 1086124, 2784
2444, 0, 1532, 1868, 1703, 306, 5.20%, 0, 0, 7, 470.56, 1088509, 2784
2449, 0, 1532, 1868, 1703, 306, 5.20%, 0, 0, 7, 466.32, 1090831, 2784
2454, 0, 1532, 1868, 1703, 306, 5.20%, 0, 0, 7, 477.49, 1093243, 2784
2459, 0, 1532, 1868, 1703, 306, 5.20%, 0, 0, 7, 474.47, 1095709, 2784
2464, 0, 1532, 1868, 1703, 306, 5.20%, 0, 0, 7, 463.82, 1098130, 2784
2469, 0, 1532, 1868, 1703, 306, 5.20%, 0, 0, 7, 465.56, 1100470, 2784
2474, 0, 1532, 1868, 1703, 306, 5.20%, 0, 0, 7, 478.70, 1102873, 2784
2479, 0, 1532, 1868, 1703, 306, 5.20%, 0, 0, 7, 473.99, 1105249, 2784
2485, 0, 1532, 1868, 1703, 306, 5.20%, 0, 0, 7, 469.45, 1107607, 2784
2490, 0, 1802, 1868, 1701, 308, 5.20%, 0, 0, 7, 459.36, 1109944, 2784
2495, 0, 1566, 1869, 1700, 306, 5.20%, 0, 0, 7, 451.79, 1112218, 2784
2500, 0, 1642, 1871, 1701, 305, 5.20%, 0, 0, 8, 428.40, 1114269, 2784
2505, 0, 1725, 1877, 1705, 303, 5.20%, 0, 0, 8, 449.07, 1116549, 2785
2510, 0, 1725, 1881, 1709, 303, 5.21%, 0, 0, 8, 460.89, 1118949, 2786
2515, 0, 1725, 1882, 1710, 303, 5.21%, 0, 0, 8, 467.63, 1121315, 2787
2520, 0, 1725, 1882, 1710, 303, 5.21%, 0, 0, 8, 470.84, 1123682, 2787
2525, 0, 1725, 1883, 1711, 303, 5.21%, 0, 0, 8, 432.40, 1125805, 2787
2530, 0, 1725, 1884, 1712, 303, 5.21%, 0, 0, 8, 415.43, 1127957, 2787
2535, 0, 1725, 1884, 1712, 303, 5.21%, 0, 0, 8, 408.26, 1130069, 2787
2540, 0, 1725, 1884, 1712, 303, 5.21%, 0, 0, 8, 425.39, 1132277, 2787
2545, 0, 1725, 1884, 1712, 303, 5.21%, 0, 0, 8, 436.17, 1134573, 2787
2550, 0, 1725, 1884, 1712, 303, 5.21%, 0, 0, 8, 445.66, 1136797, 2787
2555, 0, 1725, 1885, 1713, 303, 5.21%, 0, 0, 8, 427.69, 1138925, 2788
2561, 0, 1725, 1887, 1715, 303, 5.21%, 0, 0, 8, 450.20, 1141281, 2788
2566, 0, 1725, 1887, 1715, 303, 5.21%, 0, 0, 8, 457.15, 1143585, 2788
2571, 0, 1725, 1887, 1715, 303, 5.21%, 0, 0, 8, 466.86, 1145988, 2788
2576, 0, 1725, 1888, 1716, 303, 5.21%, 0, 0, 8, 459.77, 1148272, 2789
2581, 0, 1379, 1888, 1713, 305, 5.21%, 0, 0, 8, 460.27, 1150590, 2789
2586, 0, 1370, 1889, 1712, 303, 5.21%, 0, 0, 8, 438.57, 1152775, 2789
2591, 0, 1775, 1890, 1711, 301, 5.21%, 0, 0, 8, 464.04, 1155223, 2789
2596, 0, 1861, 1893, 1711, 299, 5.21%, 0, 0, 8, 458.53, 1157518, 2790
2601, 0, 1365, 1896, 1711, 297, 5.22%, 0, 0, 8, 463.72, 1159911, 2793
2606, 0, 1523, 1897, 1710, 295, 5.23%, 0, 0, 8, 458.62, 1162224, 2797
2611, 0, 1718, 1899, 1709, 294, 5.24%, 0, 0, 8, 460.58, 1164597, 2805
2616, 0, 1595, 1901, 1709, 293, 5.24%, 0, 0, 8, 454.87, 1166876, 2805
2622, 0, 982, 1901, 1707, 291, 5.24%, 0, 0, 8, 464.61, 1169288, 2805
2627, 0, 1696, 1905, 1710, 290, 5.25%, 0, 0, 8, 454.40, 1171570, 2807
2632, 0, 1727, 1905, 1709, 290, 5.25%, 0, 0, 8, 458.92, 1173969, 2807
2637, 0, 313, 1906, 1707, 288, 5.26%, 0, 0, 8, 473.16, 1176439, 2817
2642, 0, 1893, 1908, 1707, 286, 5.26%, 0, 0, 8, 464.95, 1178824, 2817
2647, 0, 1714, 1909, 1707, 285, 5.26%, 0, 0, 8, 456.70, 1181107, 2817
2653, 0, 1863, 1909, 1704, 282, 5.26%, 0, 0, 8, 463.26, 1183537, 2817
2658, 0, 1828, 1913, 1705, 279, 5.27%, 0, 0, 8, 463.25, 1185833, 2818
2663, 0, 1487, 1913, 1702, 276, 5.27%, 0, 0, 8, 468.88, 1188245, 2818
2668, 0, 622, 1913, 1699, 273, 5.27%, 0, 0, 8, 460.94, 1190545, 2818
2673, 0, 1374, 1913, 1697, 271, 5.27%, 0, 0, 8, 464.12, 1192889, 2818
2678, 0, 1533, 1918, 1701, 270, 5.28%, 0, 0, 8, 455.54, 1195215, 2823
2683, 0, 1533, 1921, 1704, 270, 5.28%, 0, 0, 8, 461.87, 1197543, 2824
2688, 0, 1533, 1921, 1704, 270, 5.28%, 0, 0, 8, 461.71, 1199865, 2824
2693, 0, 1533, 1921, 1704, 270, 5.28%, 0, 0, 8, 467.15, 1202205, 2824
2698, 0, 1533, 1921, 1704, 270, 5.28%, 0, 0, 8, 459.31, 1204509, 2824
2703, 0, 1533, 1921, 1704, 270, 5.28%, 0, 0, 8, 464.55, 1206921, 2824
2708, 0, 1533, 1922, 1705, 270, 5.28%, 0, 0, 8, 461.58, 1209215, 2825
2713, 0, 1533, 1922, 1705, 270, 5.28%, 0, 0, 8, 459.97, 1211546, 2825
2718, 0, 1533, 1922, 1705, 270, 5.28%, 0, 0, 8, 468.26, 1213976, 2825
2723, 0, 1533, 1923, 1706, 270, 5.28%, 0, 0, 8, 468.24, 1216342, 2825
2729, 0, 1533, 1923, 1706, 270, 5.28%, 0, 0, 8, 464.22, 1218682, 2825
2734, 0, 1533, 1923, 1706, 270, 5.28%, 0, 0, 8, 459.85, 1221085, 2825
2739, 0, 1533, 1923, 1706, 270, 5.28%, 0, 0, 8, 459.85, 1223416, 2825
2744, 0, 1533, 1923, 1706, 270, 5.28%, 0, 0, 8, 466.64, 1225765, 2825
2749, 0, 1662, 1927, 1708, 275, 5.28%, 0, 0, 8, 454.52, 1228115, 2828
2754, 0, 1662, 1927, 1708, 275, 5.28%, 0, 0, 8, 453.61, 1230410, 2828
2759, 0, 1355, 1927, 1706, 274, 5.28%, 0, 0, 8, 455.25, 1232699, 2828
2764, 0, 1539, 1927, 1704, 272, 5.28%, 0, 0, 8, 461.42, 1235102, 2828
2769, 0, 1898, 1931, 1705, 269, 5.30%, 0, 0, 8, 452.49, 1237342, 2835
2774, 0, 1898, 1945, 1719, 269, 5.35%, 0, 0, 8, 467.15, 1239695, 2861
2779, 0, 1898, 1954, 1728, 269, 5.35%, 0, 0, 8, 456.50, 1242008, 2865
2784, 0, 1898, 1955, 1729, 269, 5.35%, 0, 0, 8, 446.75, 1244269, 2865
2789, 0, 1898, 1959, 1733, 269, 5.37%, 0, 0, 8, 452.93, 1246584, 2871
2795, 0, 1898, 1963, 1737, 269, 5.37%, 0, 0, 8, 454.90, 1248965, 2874
2800, 0, 1898, 1964, 1738, 269, 5.37%, 0, 0, 8, 419.43, 1251061, 2874
2805, 0, 1898, 1964, 1738, 269, 5.37%, 0, 0, 8, 421.44, 1253237, 2874
2810, 0, 1898, 1967, 1741, 269, 5.37%, 0, 0, 8, 419.23, 1255325, 2874
2815, 0, 1898, 1968, 1742, 269, 5.37%, 0, 0, 8, 439.34, 1257557, 2874
2820, 0, 1898, 1970, 1744, 269, 5.37%, 0, 0, 8, 434.20, 1259749, 2874
2825, 0, 1898, 1971, 1745, 269, 5.37%, 0, 0, 8, 437.53, 1261957, 2874
2830, 0, 1898, 1971, 1745, 269, 5.37%, 0, 0, 8, 425.63, 1264101, 2874
2835, 0, 1898, 1972, 1746, 269, 5.37%, 0, 0, 8, 420.62, 1266229, 2874
2840, 0, 1898, 1972, 1746, 269, 5.37%, 0, 0, 8, 400.17, 1268270, 2874
2845, 0, 1898, 1972, 1746, 269, 5.37%, 0, 0, 8, 365.60, 1270104, 2874
2850, 0, 1441, 1972, 1745, 288, 5.37%, 0, 0, 8, 360.54, 1271938, 2874
2855, 0, 246, 1974, 1745, 286, 5.37%, 0, 0, 8, 390.12, 1273930, 2875
2860, 0, 13, 1974, 1742, 284, 5.37%, 0, 0, 8, 401.80, 1275964, 2875
2865, 0, 1974, 1977, 1742, 282, 5.39%, 0, 0, 8, 404.10, 1278013, 2887
2870, 0, 1974, 1988, 1753, 282, 5.45%, 0, 0, 8, 456.11, 1280339, 2916
2875, 0, 1974, 1992, 1757, 282, 5.47%, 0, 0, 8, 464.50, 1282693, 2926
2880, 0, 1974, 1996, 1761, 282, 5.48%, 0, 0, 8, 465.14, 1285030, 2931
2885, 0, 1974, 2005, 1770, 282, 5.49%, 0, 0, 8, 461.14, 1287361, 2940
2891, 0, 1974, 2009, 1774, 282, 5.50%, 0, 0, 8, 470.93, 1289760, 2941
2896, 0, 1974, 2014, 1779, 282, 5.51%, 0, 0, 8, 465.77, 1292086, 2948
2901, 0, 1974, 2017, 1782, 282, 5.51%, 0, 0, 8, 469.73, 1294522, 2948
2906, 0, 1974, 2021, 1786, 282, 5.51%, 0, 0, 8, 470.69, 1296885, 2949
2911, 0, 1974, 2022, 1787, 282, 5.51%, 0, 0, 8, 472.74, 1299314, 2949
2916, 0, 1974, 2023, 1788, 282, 5.51%, 0, 0, 8, 461.25, 1301626, 2949
2921, 0, 1974, 2024, 1789, 282, 5.51%, 0, 0, 8, 465.84, 1304028, 2949
2926, 0, 1974, 2025, 1790, 282, 5.51%, 0, 0, 8, 459.95, 1306340, 2949
2931, 0, 1974, 2026, 1791, 282, 5.51%, 0, 0, 8, 452.47, 1308607, 2949
2936, 0, 1974, 2029, 1794, 282, 5.51%, 0, 0, 8, 460.82, 1310935, 2949
2942, 0, 1545, 2031, 1794, 301, 5.51%, 0, 0, 8, 474.11, 1313402, 2949
2947, 0, 1989, 2032, 1793, 299, 5.51%, 0, 0, 8, 477.08, 1315862, 2949
2952, 0, 1940, 2035, 1793, 297, 5.52%, 0, 0, 8, 466.63, 1318240, 2953
2957, 0, 1905, 2036, 1792, 296, 5.52%, 0, 0, 8, 472.67, 1320626, 2954
2962, 0, 1777, 2036, 1790, 292, 5.52%, 0, 0, 8, 476.47, 1323019, 2954
2967, 0, 1046, 2038, 1789, 290, 5.52%, 0, 0, 8, 472.07, 1325401, 2956
2972, 0, 1378, 2038, 1787, 288, 5.52%, 0, 0, 8, 454.60, 1327751, 2956
2977, 0, 1079, 2039, 1786, 285, 5.53%, 0, 0, 8, 466.39, 1330200, 2957
2983, 0, 981, 2040, 1785, 283, 5.53%, 0, 0, 8, 465.24, 1332616, 2957
2988, 0, 1955, 2040, 1783, 281, 5.53%, 0, 0, 8, 468.89, 1335046, 2957
2993, 0, 1955, 2042, 1785, 281, 5.54%, 0, 0, 8, 473.05, 1337403, 2962
2998, 0, 1932, 2043, 1784, 282, 5.54%, 0, 0, 8, 473.91, 1339872, 2964
3003, 0, 1526, 2047, 1787, 282, 5.54%, 0, 0, 8, 477.63, 1342255, 2967
3008, 0, 1526, 2052, 1792, 282, 5.55%, 0, 0, 8, 465.81, 1344581, 2969
3013, 0, 1526, 2052, 1792, 282, 5.55%, 0, 0, 8, 461.64, 1346930, 2969
3018, 0, 1526, 2054, 1794, 282, 5.55%, 0, 0, 8, 473.55, 1349340, 2970
3023, 0, 1526, 2055, 1795, 282, 5.55%, 0, 0, 8, 442.58, 1351529, 2971
3028, 0, 1526, 2057, 1797, 282, 5.55%, 0, 0, 8, 470.70, 1353990, 2972
3033, 0, 1526, 2058, 1798, 282, 5.55%, 0, 0, 8, 465.84, 1356320, 2972
3038, 0, 1526, 2060, 1800, 282, 5.55%, 0, 0, 8, 460.05, 1358640, 2972
3043, 0, 1526, 2060, 1800, 282, 5.55%, 0, 0, 8, 469.76, 1361007, 2972
3049, 0, 1526, 2061, 1801, 282, 5.55%, 0, 0, 8, 464.61, 1363427, 2972
3054, 0, 1526, 2061, 1801, 282, 5.55%, 0, 0, 8, 471.87, 1365884, 2972
3059, 0, 1526, 2061, 1801, 282, 5.55%, 0, 0, 8, 465.92, 1368215, 2972
3064, 0, 1526, 2064, 1804, 282, 5.56%, 0, 0, 8, 466.79, 1370570, 2973
3069, 0, 1526, 2066, 1806, 282, 5.56%, 0, 0, 8, 465.69, 1372908, 2973
3074, 0, 1958, 2070, 1809, 286, 5.56%, 0, 0, 8, 468.70, 1375349, 2973
3079, 0, 1958, 2078, 1817, 286, 5.56%, 0, 0, 8, 467.72, 1377672, 2973
3084, 0, 1958, 2082, 1821, 286, 5.56%, 0, 0, 8, 469.83, 1380008, 2974
3089, 0, 1958, 2083, 1822, 286, 5.56%, 0, 0, 8, 462.24, 1382284, 2974
3094, 0, 1958, 2086, 1825, 286, 5.56%, 0, 0, 8, 456.21, 1384612, 2974
3099, 0, 1958, 2086, 1825, 286, 5.56%, 0, 0, 8, 455.07, 1386997, 2974
3105, 0, 1958, 2086, 1825, 286, 5.56%, 0, 0, 8, 465.74, 1389355, 2974
3110, 0, 1958, 2091, 1830, 286, 5.56%, 0, 0, 8, 461.88, 1391744, 2974
3115, 0, 1958, 2093, 1832, 286, 5.56%, 0, 0, 8, 467.49, 1394100, 2974
3120, 0, 1958, 2095, 1834, 286, 5.56%, 0, 0, 8, 463.12, 1396420, 2976
3125, 0, 1958, 2096, 1835, 286, 5.56%, 0, 0, 8, 463.33, 1398768, 2976
3130, 0, 1958, 2098, 1837, 286, 5.56%, 0, 0, 8, 464.38, 1401178, 2977
3135, 0, 1958, 2099, 1838, 286, 5.56%, 0, 0, 8, 466.85, 1403535, 2977
3140, 0, 1958, 2100, 1839, 286, 5.56%, 0, 0, 8, 468.19, 1405910, 2977
3145, 0, 1958, 2102, 1841, 286, 5.57%, 0, 0, 8, 464.98, 1408239, 2978
3150, 0, 1979, 2102, 1840, 288, 5.57%, 0, 0, 8, 464.27, 1410586, 2978
3155, 0, 763, 2104, 1841, 287, 5.57%, 0, 0, 8, 449.17, 1412914, 2978
3160, 0, 1693, 2105, 1840, 285, 5.57%, 0, 0, 8, 459.54, 1415240, 2978
3165, 0, 1781, 2106, 1839, 284, 5.57%, 0, 0, 8, 475.30, 1417712, 2979
3170, 0, 1606, 2111, 1843, 283, 5.57%, 0, 0, 8, 478.69, 1420144, 2983
3176, 0, 1606, 2111, 1843, 283, 5.57%, 0, 0, 8, 478.75, 1422628, 2983
3181, 0, 1606, 2112, 1844, 283, 5.57%, 0, 0, 8, 474.81, 1424994, 2983
3186, 0, 1606, 2112, 1844, 283, 5.57%, 0, 0, 8, 470.13, 1427352, 2983
3191, 0, 1606, 2112, 1844, 283, 5.57%, 0, 0, 8, 466.30, 1429764, 2983
3196, 0, 1606, 2113, 1845, 283, 5.57%, 0, 0, 8, 479.17, 1432157, 2983
3201, 0, 1606, 2113, 1845, 283, 5.57%, 0, 0, 8, 475.66, 1434542, 2983
3206, 0, 1606, 2113, 1845, 283, 5.57%, 0, 0, 8, 480.23, 1437044, 2983
3211, 0, 1606, 2113, 1845, 283, 5.57%, 0, 0, 8, 473.04, 1439411, 2983
3216, 0, 1606, 2113, 1845, 283, 5.57%, 0, 0, 8, 482.54, 1441859, 2983
3221, 0, 1606, 2113, 1845, 283, 5.57%, 0, 0, 8, 475.32, 1444226, 2983
3226, 0, 1606, 2114, 1846, 283, 5.57%, 0, 0, 8, 473.57, 1446619, 2983
3231, 0, 1606, 2115, 1847, 283, 5.57%, 0, 0, 8, 477.61, 1449039, 2983
3236, 0, 582, 2115, 1846, 286, 5.57%, 0, 0, 8, 481.32, 1451491, 2983
3241, 0, 639, 2115, 1843, 283, 5.57%, 0, 0, 8, 477.09, 1453884, 2983
3246, 0, 1528, 2115, 1840, 280, 5.57%, 0, 0, 8, 476.01, 1456282, 2983
3251, 0, 1835, 2120, 1844, 279, 5.58%, 0, 0, 8, 473.99, 1458645, 2987
3257, 0, 1835, 2126, 1850, 279, 5.59%, 0, 0, 8, 468.42, 1461024, 2994
3262, 0, 1835, 2128, 1852, 279, 5.60%, 0, 0, 8, 456.19, 1463317, 2995
3267, 0, 1835, 2129, 1853, 279, 5.60%, 0, 0, 8, 451.94, 1465683, 2996
3272, 0, 1835, 2132, 1856, 279, 5.60%, 0, 0, 8, 465.10, 1468110, 2996
3277, 0, 1835, 2133, 1857, 279, 5.60%, 0, 0, 8, 465.54, 1470404, 2996
3282, 0, 1835, 2135, 1859, 279, 5.60%, 0, 0, 8, 470.10, 1472760, 2998
3287, 0, 1835, 2135, 1859, 279, 5.60%, 0, 0, 8, 466.55, 1475109, 2998
3292, 0, 1835, 2139, 1863, 279, 5.60%, 0, 0, 8, 475.37, 1477580, 2998
3297, 0, 1835, 2139, 1863, 279, 5.60%, 0, 0, 8, 481.42, 1480010, 2998
3302, 0, 1835, 2139, 1863, 279, 5.60%, 0, 0, 8, 472.89, 1482395, 2998
3307, 0, 1835, 2139, 1863, 279, 5.60%, 0, 0, 8, 476.34, 1484780, 2998
3312, 0, 1835, 2139, 1863, 279, 5.60%, 0, 0, 8, 457.23, 1487039, 2998
3317, 0, 1835, 2140, 1864, 279, 5.60%, 0, 0, 8, 462.55, 1489378, 2998
3322, 0, 473, 2141, 1863, 289, 5.60%, 0, 0, 8, 469.43, 1491726, 2998
3327, 0, 463, 2157, 1878, 288, 5.61%, 0, 0, 8, 442.70, 1493943, 3002
3332, 0, 463, 2161, 1882, 288, 5.61%, 0, 0, 8, 449.47, 1496207, 3002
3337, 0, 2007, 2168, 1888, 290, 5.62%, 0, 0, 8, 468.19, 1498569, 3006
3343, 0, 2007, 2170, 1890, 290, 5.62%, 0, 0, 8, 471.26, 1500961, 3006
3348, 0, 2007, 2171, 1891, 290, 5.62%, 0, 0, 8, 477.90, 1503363, 3006
3353, 0, 2007, 2175, 1895, 290, 5.62%, 0, 0, 8, 478.62, 1505771, 3009
3358, 0, 2007, 2177, 1897, 290, 5.63%, 0, 0, 8, 474.12, 1508163, 3011
3363, 0, 2007, 2180, 1900, 290, 5.63%, 0, 0, 8, 476.88, 1510644, 3011
3368, 0, 2007, 2180, 1900, 290, 5.63%, 0, 0, 8, 483.73, 1513164, 3011
3373, 0, 2007, 2185, 1905, 290, 5.63%, 0, 0, 8, 462.35, 1515427, 3012
3378, 0, 2007, 2186, 1906, 290, 5.63%, 0, 0, 8, 479.12, 1517829, 3012
3383, 0, 2007, 2187, 1907, 290, 5.63%, 0, 0, 8, 471.67, 1520186, 3012
3388, 0, 2007, 2188, 1908, 290, 5.63%, 0, 0, 8, 469.71, 1522633, 3012
3393, 0, 2007, 2188, 1908, 290, 5.63%, 0, 0, 8, 470.45, 1525009, 3012
3398, 0, 2007, 2189, 1909, 290, 5.63%, 0, 0, 8, 440.82, 1527297, 3015
3404, 0, 2007, 2191, 1911, 290, 5.63%, 0, 0, 8, 469.86, 1529730, 3015
3409, 0, 2141, 2194, 1913, 291, 5.63%, 0, 0, 8, 451.81, 1532013, 3015
3414, 0, 2156, 2200, 1916, 289, 5.64%, 0, 0, 8, 457.22, 1534349, 3016
3419, 0, 2156, 2204, 1920, 289, 5.64%, 0, 0, 8, 438.94, 1536564, 3018
3424, 0, 2156, 2205, 1921, 289, 5.64%, 0, 0, 8, 432.87, 1538756, 3018
3429, 0, 2156, 2205, 1921, 289, 5.64%, 0, 0, 8, 445.17, 1541084, 3018
3434, 0, 2156, 2205, 1921, 289, 5.64%, 0, 0, 8, 446.01, 1543316, 3018
3439, 0, 2156, 2205, 1921, 289, 5.64%, 0, 0, 8, 440.25, 1545596, 3018
3444, 0, 2156, 2205, 1921, 289, 5.64%, 0, 0, 8, 444.88, 1547828, 3018
3449, 0, 2156, 2206, 1922, 289, 5.64%, 0, 0, 8, 442.94, 1550044, 3018
3454, 0, 2156, 2206, 1922, 289, 5.64%, 0, 0, 8, 434.94, 1552228, 3018
3459, 0, 2156, 2209, 1925, 289, 5.64%, 0, 0, 8, 429.58, 1554404, 3018
3464, 0, 2156, 2209, 1925, 289, 5.64%, 0, 0, 8, 443.97, 1556700, 3018
3470, 0, 2156, 2211, 1927, 289, 5.64%, 0, 0, 8, 443.32, 1559004, 3018
3475, 0, 2156, 2211, 1927, 289, 5.64%, 0, 0, 8, 438.25, 1561268, 3018
3480, 0, 2156, 2211, 1927, 289, 5.64%, 0, 0, 8, 443.91, 1563524, 3018
3485, 0, 2156, 2212, 1928, 289, 5.64%, 0, 0, 8, 437.47, 1565788, 3018
3490, 0, 1988, 2212, 1927, 287, 5.64%, 0, 0, 8, 433.86, 1567978, 3018
3495, 0, 1561, 2220, 1933, 285, 5.66%, 0, 0, 8, 455.19, 1570348, 3029
3500, 0, 1561, 2221, 1934, 285, 5.66%, 0, 0, 8, 464.73, 1572714, 3030
3505, 0, 1561, 2221, 1934, 285, 5.66%, 0, 0, 8, 455.43, 1575018, 3030
3510, 0, 1561, 2221, 1934, 285, 5.66%, 0, 0, 8, 451.39, 1577304, 3030
3516, 0, 1561, 2222, 1935, 285, 5.66%, 0, 0, 8, 473.27, 1579769, 3031
3521, 0, 1561, 2222, 1935, 285, 5.66%, 0, 0, 8, 389.17, 1581713, 3031
3526, 0, 1561, 2222, 1935, 285, 5.66%, 0, 0, 8, 431.22, 1583986, 3031
3531, 0, 1561, 2223, 1936, 285, 5.67%, 0, 0, 8, 464.20, 1586339, 3032
3536, 0, 1561, 2223, 1936, 285, 5.67%, 0, 0, 8, 469.65, 1588697, 3032
3541, 0, 1561, 2223, 1936, 285, 5.67%, 0, 0, 8, 472.91, 1591091, 3032
3546, 0, 1561, 2223, 1936, 285, 5.67%, 0, 0, 8, 473.17, 1593458, 3032
3551, 0, 1561, 2223, 1936, 285, 5.67%, 0, 0, 8, 463.57, 1595816, 3032
3556, 0, 1561, 2224, 1937, 285, 5.67%, 0, 0, 8, 462.62, 1598155, 3036
3561, 0, 1561, 2224, 1937, 285, 5.67%, 0, 0, 8, 459.88, 1600468, 3036
3566, 0, 1561, 2224, 1937, 285, 5.67%, 0, 0, 8, 467.05, 1602826, 3036
3571, 0, 2037, 2227, 1938, 292, 5.68%, 0, 0, 8, 461.11, 1605220, 3039
3576, 0, 2047, 2228, 1936, 291, 5.68%, 0, 0, 8, 462.16, 1607563, 3040
3582, 0, 1991, 2228, 1934, 289, 5.68%, 0, 0, 8, 444.43, 1609864, 3040
3587, 0, 1624, 2229, 1933, 287, 5.69%, 0, 0, 8, 454.59, 1612241, 3043
3592, 0, 1815, 2231, 1932, 284, 5.69%, 0, 0, 8, 462.20, 1614556, 3043
3597, 0, 1957, 2234, 1934, 283, 5.69%, 0, 0, 8, 465.91, 1616979, 3043
3602, 0, 1957, 2234, 1934, 283, 5.69%, 0, 0, 8, 462.12, 1619274, 3043
3607, 0, 1832, 2234, 1931, 281, 5.69%, 0, 0, 8, 467.68, 1621705, 3043
3612, 0, 1926, 2244, 1940, 280, 5.70%, 0, 0, 8, 462.13, 1624105, 3050
3617, 0, 1926, 2244, 1940, 280, 5.70%, 0, 0, 8, 457.06, 1626427, 3050
3622, 0, 1926, 2246, 1942, 280, 5.70%, 0, 0, 8, 453.01, 1628693, 3051
3628, 0, 1926, 2246, 1942, 280, 5.70%, 0, 0, 8, 465.83, 1631024, 3051
3633, 0, 1926, 2248, 1944, 280, 5.70%, 0, 0, 8, 466.55, 1633353, 3051
3638, 0, 1926, 2249, 1945, 280, 5.70%, 0, 0, 8, 457.85, 1635647, 3051
3643, 0, 1926, 2250, 1946, 280, 5.70%, 0, 0, 8, 460.70, 1637941, 3051
3648, 0, 1926, 2250, 1946, 280, 5.70%, 0, 0, 8, 466.78, 1640263, 3051
3653, 0, 1926, 2250, 1946, 280, 5.70%, 0, 0, 8, 460.56, 1642585, 3051
3658, 0, 1926, 2250, 1946, 280, 5.70%, 0, 0, 8, 453.72, 1644835, 3051
3663, 0, 1926, 2251, 1947, 280, 5.70%, 0, 0, 8, 467.63, 1647291, 3052
3668, 0, 1926, 2253, 1949, 280, 5.70%, 0, 0, 8, 459.30, 1649647, 3052
3673, 0, 1926, 2253, 1949, 280, 5.70%, 0, 0, 8, 451.03, 1651974, 3052
3678, 0, 1926, 2253, 1949, 280, 5.70%, 0, 0, 8, 462.21, 1654318, 3052
3683, 0, 1162, 2256, 1951, 286, 5.71%, 0, 0, 8, 456.48, 1656612, 3056
3688, 0, 1944, 2260, 1954, 283, 5.71%, 0, 0, 8, 457.90, 1658941, 3056
3694, 0, 1185, 2263, 1954, 280, 5.71%, 0, 0, 8, 449.33, 1661256, 3057
3699, 0, 1185, 2268, 1959, 280, 5.72%, 0, 0, 8, 464.31, 1663610, 3059
3704, 0, 1185, 2268, 1959, 280, 5.72%, 0, 0, 8, 461.15, 1665932, 3059
3709, 0, 1185, 2268, 1959, 280, 5.72%, 0, 0, 8, 455.46, 1668227, 3059
3714, 0, 1185, 2269, 1960, 280, 5.72%, 0, 0, 8, 462.98, 1670548, 3061
3719, 0, 1185, 2270, 1961, 280, 5.72%, 0, 0, 8, 468.64, 1672914, 3061
3724, 0, 1185, 2270, 1961, 280, 5.72%, 0, 0, 8, 457.36, 1675191, 3061
3729, 0, 1185, 2271, 1962, 280, 5.72%, 0, 0, 8, 456.51, 1677485, 3061
3734, 0, 1185, 2271, 1962, 280, 5.72%, 0, 0, 8, 457.68, 1679780, 3061
3739, 0, 1185, 2272, 1963, 280, 5.72%, 0, 0, 8, 464.98, 1682200, 3061
3744, 0, 1185, 2272, 1963, 280, 5.72%, 0, 0, 8, 439.67, 1684432, 3061
3749, 0, 1185, 2273, 1964, 280, 5.72%, 0, 0, 8, 467.47, 1686816, 3061
3754, 0, 1185, 2273, 1964, 280, 5.72%, 0, 0, 8, 451.15, 1689093, 3061
3759, 0, 1185, 2273, 1964, 280, 5.72%, 0, 0, 8, 447.02, 1691336, 3061
3764, 0, 1185, 2273, 1964, 280, 5.72%, 0, 0, 8, 447.20, 1693624, 3061
3769, 0, 1854, 2278, 1968, 283, 5.72%, 0, 0, 8, 395.92, 1695656, 3062
3774, 0, 1854, 2282, 1972, 283, 5.72%, 0, 0, 8, 371.82, 1697485, 3063
3780, 0, 1854, 2283, 1973, 283, 5.72%, 0, 0, 8, 365.90, 1699369, 3063
3785, 0, 1854, 2286, 1976, 283, 5.72%, 0, 0, 8, 365.84, 1701255, 3063
3790, 0, 1854, 2287, 1977, 283, 5.72%, 0, 0, 8, 360.82, 1703090, 3063
3795, 0, 1854, 2289, 1979, 283, 5.72%, 0, 0, 8, 364.66, 1704926, 3063
3800, 0, 1854, 2290, 1980, 283, 5.72%, 0, 0, 8, 371.48, 1706852, 3063
3805, 0, 1854, 2292, 1982, 283, 5.73%, 0, 0, 8, 369.68, 1708779, 3064
3810, 0, 1854, 2292, 1982, 283, 5.73%, 0, 0, 8, 369.01, 1710620, 3064
3815, 0, 1854, 2292, 1982, 283, 5.73%, 0, 0, 8, 378.21, 1712580, 3064
3820, 0, 1854, 2292, 1982, 283, 5.73%, 0, 0, 8, 367.25, 1714442, 3064
3825, 0, 1854, 2293, 1983, 283, 5.73%, 0, 0, 8, 368.55, 1716298, 3064
3831, 0, 1854, 2295, 1985, 283, 5.73%, 0, 0, 8, 359.80, 1718155, 3064
3836, 0, 1854, 2295, 1985, 283, 5.73%, 0, 0, 8, 370.03, 1720024, 3064
3841, 0, 1854, 2296, 1986, 283, 5.73%, 0, 0, 8, 367.46, 1721866, 3064
3846, 0, 1854, 2296, 1986, 283, 5.73%, 0, 0, 8, 373.73, 1723749, 3064
3851, 0, 1854, 2296, 1986, 283, 5.73%, 0, 0, 8, 370.46, 1725590, 3064
3856, 0, 1854, 2297, 1987, 283, 5.73%, 0, 0, 8, 358.32, 1727376, 3064
3861, 0, 2265, 2297, 1986, 284, 5.73%, 0, 0, 8, 431.45, 1729522, 3064
3866, 0, 1550, 2297, 1984, 282, 5.73%, 0, 0, 8, 464.51, 1731914, 3064
3871, 0, 2280, 2299, 1984, 280, 5.73%, 0, 0, 8, 434.11, 1734088, 3064
3876, 0, 2202, 2303, 1987, 279, 5.73%, 0, 0, 8, 441.28, 1736420, 3065
3881, 0, 2202, 2304, 1988, 279, 5.73%, 0, 0, 8, 441.44, 1738636, 3065
3886, 0, 2202, 2304, 1988, 279, 5.73%, 0, 0, 8, 441.31, 1740924, 3065
3891, 0, 2202, 2305, 1989, 279, 5.73%, 0, 0, 8, 432.83, 1743148, 3065
3897, 0, 2202, 2306, 1990, 279, 5.73%, 0, 0, 8, 437.06, 1745436, 3065
3902, 0, 2202, 2308, 1992, 279, 5.74%, 0, 0, 8, 439.14, 1747724, 3069
3907, 0, 2202, 2309, 1993, 279, 5.74%, 0, 0, 8, 446.32, 1749964, 3069
3912, 0, 2202, 2310, 1994, 279, 5.74%, 0, 0, 8, 444.69, 1752196, 3069
3917, 0, 2202, 2310, 1994, 279, 5.74%, 0, 0, 8, 443.82, 1754468, 3069
3922, 0, 2202, 2311, 1995, 279, 5.74%, 0, 0, 8, 444.88, 1756788, 3069
3927, 0, 2202, 2314, 1998, 279, 5.74%, 0, 0, 8, 436.12, 1758972, 3069
3933, 0, 2202, 2314, 1998, 279, 5.74%, 0, 0, 8, 436.96, 1761268, 3069
3938, 0, 2202, 2314, 1998, 279, 5.74%, 0, 0, 8, 442.80, 1763548, 3069
3943, 0, 2202, 2314, 1998, 279, 5.74%, 0, 0, 8, 437.99, 1765844, 3069
3948, 0, 2202, 2315, 1999, 279, 5.74%, 0, 0, 8, 439.69, 1768043, 3069
3953, 0, 156, 2382, 2065, 302, 5.84%, 0, 0, 8, 452.53, 1770321, 3123
3958, 0, 1467, 2382, 2063, 300, 5.84%, 0, 0, 8, 423.03, 1772513, 3123
3963, 0, 1460, 2382, 2061, 298, 5.84%, 0, 0, 8, 443.10, 1774803, 3123
3968, 0, 1460, 2393, 2072, 298, 5.84%, 0, 0, 8, 433.33, 1776987, 3124
3973, 0, 1460, 2396, 2075, 298, 5.84%, 0, 0, 8, 426.59, 1779131, 3125
3978, 0, 1311, 2397, 2074, 298, 5.84%, 0, 0, 8, 453.30, 1781405, 3125
3984, 0, 2222, 2400, 2075, 298, 5.85%, 0, 0, 8, 464.09, 1783824, 3128
3989, 0, 1006, 2402, 2075, 298, 5.85%, 0, 0, 8, 457.32, 1786189, 3130
3994, 0, 635, 2402, 2073, 296, 5.85%, 0, 0, 8, 475.50, 1788595, 3130
3999, 0, 1962, 2405, 2075, 295, 5.85%, 0, 0, 8, 477.02, 1790982, 3131
4004, 0, 1962, 2410, 2080, 295, 5.85%, 0, 0, 8, 465.92, 1793308, 3131
4009, 0, 1962, 2411, 2081, 295, 5.85%, 0, 0, 8, 467.41, 1795728, 3132
4014, 0, 1962, 2411, 2081, 295, 5.85%, 0, 0, 8, 455.23, 1798014, 3132
4019, 0, 1962, 2412, 2082, 295, 5.85%, 0, 0, 8, 466.12, 1800434, 3132
4024, 0, 1962, 2412, 2082, 295, 5.85%, 0, 0, 8, 475.06, 1802909, 3132
4029, 0, 1962, 2412, 2082, 295, 5.85%, 0, 0, 8, 466.59, 1805222, 3132
4034, 0, 1962, 2413, 2083, 295, 5.85%, 0, 0, 8, 462.66, 1807579, 3132
4040, 0, 1962, 2414, 2084, 295, 5.85%, 0, 0, 8, 474.06, 1810044, 3133
4045, 0, 1962, 2415, 2085, 295, 5.86%, 0, 0, 8, 469.19, 1812464, 3134
4050, 0, 1962, 2415, 2085, 295, 5.86%, 0, 0, 8, 472.50, 1814822, 3134
4055, 0, 1962, 2415, 2085, 295, 5.86%, 0, 0, 8, 444.75, 1817129, 3134
4060, 0, 1962, 2415, 2085, 295, 5.86%, 0, 0, 8, 458.40, 1819448, 3134
4065, 0, 1962, 2416, 2086, 295, 5.86%, 0, 0, 8, 467.72, 1821787, 3134
4070, 0, 2175, 2417, 2086, 295, 5.86%, 0, 0, 8, 467.92, 1824157, 3134
4075, 0, 298, 2417, 2084, 293, 5.86%, 0, 0, 8, 470.67, 1826517, 3134
4080, 0, 1560, 2425, 2091, 292, 5.88%, 0, 0, 8, 475.83, 1828909, 3145
4085, 0, 1560, 2427, 2093, 292, 5.88%, 0, 0, 8, 479.31, 1831328, 3147
4090, 0, 1560, 2430, 2096, 292, 5.89%, 0, 0, 8, 468.91, 1833747, 3153
4095, 0, 1560, 2431, 2097, 292, 5.89%, 0, 0, 8, 462.89, 1836067, 3153
4100, 0, 1560, 2432, 2098, 292, 5.89%, 0, 0, 8, 470.87, 1838514, 3153
4106, 0, 1560, 2433, 2099, 292, 5.89%, 0, 0, 8, 474.66, 1840952, 3153
4111, 0, 1560, 2433, 2099, 292, 5.89%, 0, 0, 8, 474.24, 1843337, 3153
4116, 0, 1560, 2434, 2100, 292, 5.89%, 0, 0, 8, 457.80, 1845640, 3153
4121, 0, 1560, 2434, 2100, 292, 5.89%, 0, 0, 8, 477.95, 1848043, 3153
4126, 0, 1560, 2434, 2100, 292, 5.89%, 0, 0, 8, 471.81, 1850410, 3153
4131, 0, 1560, 2434, 2100, 292, 5.89%, 0, 0, 8, 470.56, 1852777, 3153
4136, 0, 1560, 2435, 2101, 292, 5.89%, 0, 0, 8, 470.26, 1855215, 3154
4141, 0, 1560, 2436, 2102, 292, 5.89%, 0, 0, 8, 475.81, 1857635, 3154
4146, 0, 1560, 2437, 2103, 292, 5.90%, 0, 0, 8, 475.34, 1860075, 3156
4151, 0, 2172, 2439, 2103, 303, 5.90%, 0, 0, 8, 465.36, 1862486, 3157
4156, 0, 2172, 2442, 2106, 303, 5.90%, 0, 0, 8, 465.23, 1864823, 3159
4161, 0, 2172, 2443, 2107, 303, 5.91%, 0, 0, 8, 466.00, 1867162, 3160
4166, 0, 2172, 2443, 2107, 303, 5.91%, 0, 0, 8, 472.88, 1869529, 3160
4171, 0, 2172, 2444, 2108, 303, 5.91%, 0, 0, 8, 470.54, 1871886, 3162
4176, 0, 2172, 2444, 2108, 303, 5.91%, 0, 0, 8, 471.58, 1874244, 3162
4181, 0, 2172, 2445, 2109, 303, 5.91%, 0, 0, 8, 471.04, 1876628, 3162
4186, 0, 2172, 2445, 2109, 303, 5.91%, 0, 0, 8, 466.23, 1878968, 3162
4191, 0, 2172, 2446, 2110, 303, 5.91%, 0, 0, 8, 473.83, 1881334, 3162
4197, 0, 2172, 2447, 2111, 303, 5.91%, 0, 0, 8, 466.30, 1883736, 3162
4202, 0, 2172, 2448, 2112, 303, 5.91%, 0, 0, 8, 475.25, 1886120, 3162
4207, 0, 2172, 2448, 2112, 303, 5.91%, 0, 0, 8, 472.92, 1888550, 3162
4212, 0, 2172, 2448, 2112, 303, 5.91%, 0, 0, 8, 470.49, 1890899, 3162
4217, 0, 2172, 2450, 2114, 303, 5.91%, 0, 0, 8, 465.88, 1893309, 3162
4222, 0, 2172, 2454, 2118, 303, 5.91%, 0, 0, 8, 473.43, 1895688, 3162
4227, 0, 2262, 2458, 2121, 306, 5.91%, 0, 0, 8, 436.71, 1897888, 3162
4232, 0, 2327, 2462, 2124, 305, 5.93%, 0, 0, 8, 466.03, 1900323, 3171
4237, 0, 2327, 2463, 2125, 305, 5.93%, 0, 0, 8, 477.95, 1902707, 3172
4242, 0, 2327, 2465, 2127, 305, 5.94%, 0, 0, 8, 473.53, 1905117, 3177
4247, 0, 2327, 2465, 2127, 305, 5.94%, 0, 0, 8, 469.59, 1907475, 3177
4253, 0, 2327, 2466, 2128, 305, 5.94%, 0, 0, 8, 475.82, 1909940, 3177
4258, 0, 2327, 2467, 2129, 305, 5.94%, 0, 0, 8, 479.07, 1912432, 3179
4263, 0, 2327, 2468, 2130, 305, 5.94%, 0, 0, 8, 477.99, 1914915, 3181
4268, 0, 2327, 2469, 2131, 305, 5.96%, 0, 0, 8, 475.05, 1917299, 3188
4273, 0, 2327, 2469, 2131, 305, 5.96%, 0, 0, 8, 482.18, 1919702, 3188
4278, 0, 2327, 2470, 2132, 305, 5.96%, 0, 0, 8, 476.81, 1922077, 3188
4283, 0, 1323, 2470, 2131, 312, 5.96%, 0, 0, 8, 471.86, 1924436, 3188
4288, 0, 1984, 2471, 2129, 309, 5.96%, 0, 0, 8, 468.20, 1926873, 3188
4293, 0, 2413, 2473, 2130, 308, 5.96%, 0, 0, 8, 444.10, 1929210, 3188
4299, 0, 1536, 2477, 2133, 307, 5.99%, 0, 0, 8, 417.21, 1931323, 3203
4304, 0, 1536, 2480, 2136, 307, 5.99%, 0, 0, 8, 459.30, 1933788, 3206
4309, 0, 1536, 2482, 2138, 307, 5.99%, 0, 0, 8, 463.69, 1936171, 3207
4314, 0, 1536, 2483, 2139, 307, 5.99%, 0, 0, 8, 462.07, 1938510, 3208
4319, 0, 1536, 2483, 2139, 307, 5.99%, 0, 0, 8, 475.66, 1940904, 3208
4324, 0, 1536, 2484, 2140, 307, 5.99%, 0, 0, 8, 475.88, 1943378, 3208
4329, 0, 1536, 2485, 2141, 307, 5.99%, 0, 0, 8, 476.95, 1945870, 3208
4335, 0, 1536, 2485, 2141, 307, 5.99%, 0, 0, 8, 467.14, 1948282, 3208
4340, 0, 1536, 2485, 2141, 307, 5.99%, 0, 0, 8, 470.63, 1950658, 3208
4345, 0, 1536, 2485, 2141, 307, 5.99%, 0, 0, 8, 469.55, 1953097, 3208
4350, 0, 1536, 2485, 2141, 307, 5.99%, 0, 0, 8, 469.52, 1955545, 3208
4355, 0, 1536, 2486, 2142, 307, 5.99%, 0, 0, 8, 460.81, 1957848, 3208
4360, 0, 1536, 2486, 2142, 307, 5.99%, 0, 0, 8, 466.23, 1960206, 3208
4365, 0, 1536, 2487, 2143, 307, 5.99%, 0, 0, 8, 464.81, 1962554, 3208
4370, 0, 2434, 2487, 2142, 314, 5.99%, 0, 0, 8, 479.68, 1964946, 3208
4375, 0, 2188, 2487, 2139, 312, 5.99%, 0, 0, 8, 463.82, 1967328, 3208
4380, 0, 1902, 2487, 2136, 309, 5.99%, 0, 0, 8, 464.95, 1969713, 3208
4385, 0, 2399, 2491, 2137, 307, 6.00%, 0, 0, 8, 470.40, 1972069, 3210
4391, 0, 386, 2491, 2135, 306, 6.00%, 0, 0, 8, 470.89, 1974507, 3210
4396, 0, 2226, 2496, 2138, 304, 6.01%, 0, 0, 8, 449.66, 1976768, 3215
4401, 0, 2226, 2500, 2142, 304, 6.01%, 0, 0, 8, 451.24, 1979074, 3218
4406, 0, 2226, 2501, 2143, 304, 6.02%, 0, 0, 8, 452.58, 1981362, 3219
4411, 0, 2226, 2501, 2143, 304, 6.02%, 0, 0, 8, 452.73, 1983720, 3219
4416, 0, 2226, 2502, 2144, 304, 6.02%, 0, 0, 8, 454.53, 1986014, 3220
4421, 0, 2226, 2503, 2145, 304, 6.02%, 0, 0, 8, 452.48, 1988353, 3220
4426, 0, 2226, 2503, 2145, 304, 6.02%, 0, 0, 8, 442.91, 1990586, 3220
4431, 0, 2226, 2503, 2145, 304, 6.02%, 0, 0, 8, 443.42, 1992898, 3220
4437, 0, 2226, 2504, 2146, 304, 6.02%, 0, 0, 8, 450.27, 1995234, 3220
4442, 0, 2226, 2505, 2147, 304, 6.02%, 0, 0, 8, 457.84, 1997540, 3220
4447, 0, 2226, 2505, 2147, 304, 6.02%, 0, 0, 8, 449.15, 1999778, 3220
4452, 0, 2226, 2505, 2147, 304, 6.02%, 0, 0, 8, 459.73, 2002094, 3220
4457, 0, 2226, 2505, 2147, 304, 6.02%, 0, 0, 8, 448.62, 2004434, 3220
4462, 0, 2226, 2505, 2147, 304, 6.02%, 0, 0, 8, 451.31, 2006783, 3220
4467, 0, 2363, 2505, 2146, 309, 6.02%, 0, 0, 8, 456.70, 2009081, 3220
4472, 0, 2440, 2506, 2146, 308, 6.02%, 0, 0, 8, 476.28, 2011506, 3221
4477, 0, 2042, 2513, 2151, 306, 6.05%, 0, 0, 8, 476.78, 2013991, 3235
4482, 0, 2042, 2521, 2159, 306, 6.07%, 0, 0, 8, 479.40, 2016467, 3247
4488, 0, 2042, 2526, 2164, 306, 6.08%, 0, 0, 8, 453.19, 2018748, 3256
4493, 0, 2042, 2526, 2164, 306, 6.08%, 0, 0, 8, 474.37, 2021151, 3256
4498, 0, 2042, 2528, 2166, 306, 6.09%, 0, 0, 8, 463.88, 2023552, 3258
4503, 0, 2042, 2528, 2166, 306, 6.09%, 0, 0, 8, 481.23, 2026063, 3258
4508, 0, 2042, 2530, 2168, 306, 6.09%, 0, 0, 8, 473.39, 2028491, 3260
4513, 0, 2042, 2532, 2170, 306, 6.10%, 0, 0, 8, 469.39, 2030820, 3262
4518, 0, 2042, 2533, 2171, 306, 6.10%, 0, 0, 8, 469.56, 2033177, 3264
4523, 0, 2042, 2533, 2171, 306, 6.10%, 0, 0, 8, 473.01, 2035580, 3264
4528, 0, 2042, 2534, 2172, 306, 6.10%, 0, 0, 8, 465.90, 2037937, 3266
4533, 0, 2042, 2535, 2173, 306, 6.11%, 0, 0, 8, 464.49, 2040375, 3268
4539, 0, 2042, 2535, 2173, 306, 6.11%, 0, 0, 8, 464.46, 2042805, 3268
4544, 0, 2042, 2537, 2175, 306, 6.11%, 0, 0, 8, 477.59, 2045287, 3271
4549, 0, 1422, 2537, 2173, 324, 6.11%, 0, 0, 8, 451.13, 2047573, 3271
4554, 0, 1980, 2537, 2171, 322, 6.11%, 0, 0, 8, 437.27, 2049830, 3271
4559, 0, 2109, 2537, 2168, 319, 6.11%, 0, 0, 8, 470.95, 2052322, 3271
4564, 0, 2535, 2540, 2169, 318, 6.12%, 0, 0, 8, 472.72, 2054795, 3274
4570, 0, 328, 2540, 2167, 317, 6.12%, 0, 0, 8, 478.40, 2057292, 3274
4575, 0, 2469, 2540, 2165, 315, 6.12%, 0, 0, 8, 473.12, 2059648, 3274
4580, 0, 818, 2540, 2162, 312, 6.12%, 0, 0, 8, 457.69, 2061928, 3274
4585, 0, 2532, 2541, 2161, 310, 6.12%, 0, 0, 8, 460.25, 2064281, 3274
4590, 0, 1987, 2543, 2162, 311, 6.12%, 0, 0, 8, 469.94, 2066662, 3276
4595, 0, 2223, 2545, 2162, 309, 6.13%, 0, 0, 8, 469.60, 2069013, 3280
4600, 0, 1997, 2545, 2159, 308, 6.13%, 0, 0, 8, 467.77, 2071445, 3280
4605, 0, 1277, 2545, 2158, 307, 6.13%, 0, 0, 8, 465.54, 2073798, 3280
4610, 0, 1277, 2550, 2163, 307, 6.13%, 0, 0, 8, 443.16, 2076009, 3280
4615, 0, 2219, 2552, 2165, 307, 6.13%, 0, 0, 8, 448.67, 2078338, 3280
4620, 0, 2395, 2563, 2175, 306, 6.14%, 0, 0, 8, 451.20, 2080624, 3284
4626, 0, 2395, 2566, 2178, 306, 6.14%, 0, 0, 8, 447.99, 2082866, 3287
4631, 0, 2395, 2568, 2180, 306, 6.15%, 0, 0, 8, 442.64, 2085186, 3289
4636, 0, 2395, 2568, 2180, 306, 6.15%, 0, 0, 8, 439.20, 2087450, 3289
4641, 0, 2395, 2568, 2180, 306, 6.15%, 0, 0, 8, 442.56, 2089658, 3289
4646, 0, 2395, 2568, 2180, 306, 6.15%, 0, 0, 8, 437.20, 2091842, 3289
4651, 0, 2395, 2569, 2181, 306, 6.15%, 0, 0, 8, 452.61, 2094199, 3289
4656, 0, 2395, 2569, 2181, 306, 6.15%, 0, 0, 8, 443.82, 2096402, 3289
4661, 0, 2395, 2569, 2181, 306, 6.15%, 0, 0, 8, 442.31, 2098618, 3289
4666, 0, 2395, 2570, 2182, 306, 6.15%, 0, 0, 8, 442.18, 2100914, 3290
4671, 0, 2395, 2571, 2183, 306, 6.15%, 0, 0, 8, 427.32, 2103010, 3290
4676, 0, 2395, 2571, 2183, 306, 6.15%, 0, 0, 8, 439.34, 2105234, 3290
4681, 0, 2395, 2571, 2183, 306, 6.15%, 0, 0, 8, 435.25, 2107410, 3290
4686, 0, 2395, 2572, 2184, 306, 6.15%, 0, 0, 8, 440.24, 2109610, 3290
4692, 0, 2395, 2574, 2186, 306, 6.15%, 0, 0, 8, 448.61, 2111938, 3292
4697, 0, 1263, 2574, 2185, 309, 6.15%, 0, 0, 8, 457.65, 2114215, 3292
4702, 0, 1263, 2576, 2187, 309, 6.15%, 0, 0, 8, 454.44, 2116490, 3292
4707, 0, 1263, 2581, 2192, 309, 6.15%, 0, 0, 8, 462.36, 2118819, 3292
4712, 0, 1263, 2588, 2199, 309, 6.15%, 0, 0, 8, 460.72, 2121137, 3293
4717, 0, 1263, 2590, 2201, 309, 6.16%, 0, 0, 8, 463.77, 2123544, 3294
4722, 0, 2489, 2590, 2200, 310, 6.16%, 0, 0, 8, 453.82, 2125798, 3294
4727, 0, 521, 2590, 2198, 308, 6.16%, 0, 0, 8, 478.08, 2128316, 3294
4732, 0, 1338, 2592, 2198, 306, 6.16%, 0, 0, 8, 471.87, 2130715, 3294
4737, 0, 2412, 2594, 2198, 304, 6.16%, 0, 0, 8, 462.11, 2133101, 3294
4742, 0, 446, 2594, 2197, 304, 6.16%, 0, 0, 8, 475.22, 2135490, 3294
4748, 0, 2306, 2596, 2197, 302, 6.16%, 0, 0, 8, 466.20, 2137930, 3294
4753, 0, 1171, 2596, 2196, 301, 6.16%, 0, 0, 8, 466.95, 2140283, 3294
4758, 0, 1544, 2598, 2196, 299, 6.17%, 0, 0, 8, 463.72, 2142710, 3303
4763, 0, 2521, 2600, 2196, 298, 6.17%, 0, 0, 8, 465.05, 2145096, 3304
4768, 0, 2255, 2600, 2195, 298, 6.17%, 0, 0, 8, 449.89, 2147345, 3304
4773, 0, 2442, 2603, 2196, 296, 6.18%, 0, 0, 8, 468.24, 2149803, 3306
4778, 0, 1916, 2603, 2194, 295, 6.18%, 0, 0, 8, 474.96, 2152188, 3306
4783, 0, 2182, 2606, 2195, 293, 6.18%, 0, 0, 8, 475.33, 2154552, 3306
4788, 0, 2182, 2607, 2196, 293, 6.18%, 0, 0, 8, 476.50, 2156936, 3307
4793, 0, 2182, 2608, 2197, 293, 6.18%, 0, 0, 8, 476.39, 2159320, 3307
4799, 0, 2182, 2608, 2197, 293, 6.18%, 0, 0, 8, 464.80, 2161741, 3307
4804, 0, 2182, 2610, 2199, 293, 6.18%, 0, 0, 8, 459.66, 2164043, 3307
4809, 0, 2182, 2612, 2201, 293, 6.18%, 0, 0, 8, 471.23, 2166408, 3307
4814, 0, 2182, 2613, 2202, 293, 6.18%, 0, 0, 8, 475.02, 2168819, 3307
4819, 0, 2182, 2614, 2203, 293, 6.18%, 0, 0, 8, 462.63, 2171140, 3307
4824, 0, 2182, 2616, 2205, 293, 6.18%, 0, 0, 8, 475.66, 2173541, 3307
4829, 0, 2182, 2616, 2205, 293, 6.18%, 0, 0, 8, 480.85, 2176016, 3307
4834, 0, 2182, 2616, 2205, 293, 6.18%, 0, 0, 8, 477.26, 2178428, 3307
4839, 0, 2182, 2616, 2205, 293, 6.18%, 0, 0, 8, 475.99, 2180903, 3307
4844, 0, 2182, 2616, 2205, 293, 6.18%, 0, 0, 8, 477.57, 2183306, 3307
4849, 0, 2182, 2617, 2206, 293, 6.18%, 0, 0, 8, 459.14, 2185627, 3307
4854, 0, 1155, 2619, 2207, 294, 6.18%, 0, 0, 8, 466.41, 2188074, 3307
4859, 0, 1155, 2621, 2209, 294, 6.18%, 0, 0, 8, 454.57, 2190423, 3307
4864, 0, 1513, 2622, 2208, 293, 6.18%, 0, 0, 8, 470.76, 2192820, 3307
4869, 0, 2617, 2625, 2209, 291, 6.18%, 0, 0, 8, 445.60, 2195079, 3307
4875, 0, 2427, 2628, 2210, 289, 6.18%, 0, 0, 8, 463.08, 2197391, 3308
4880, 0, 2492, 2628, 2207, 287, 6.18%, 0, 0, 8, 463.89, 2199844, 3308
4885, 0, 2017, 2630, 2208, 286, 6.18%, 0, 0, 8, 475.34, 2202231, 3308
4890, 0, 2017, 2631, 2209, 286, 6.18%, 0, 0, 8, 473.90, 2204696, 3309
4895, 0, 2597, 2639, 2216, 286, 6.19%, 0, 0, 8, 481.98, 2207121, 3313
4900, 0, 2597, 2641, 2218, 286, 6.20%, 0, 0, 8, 479.53, 2209612, 3316
4905, 0, 2597, 2643, 2220, 286, 6.20%, 0, 0, 8, 475.35, 2212112, 3317
4910, 0, 2597, 2644, 2221, 286, 6.20%, 0, 0, 8, 474.48, 2214505, 3318
4916, 0, 2597, 2644, 2221, 286, 6.20%, 0, 0, 8, 479.21, 2216998, 3318
4921, 0, 2597, 2645, 2222, 286, 6.20%, 0, 0, 8, 474.18, 2219481, 3318
4926, 0, 2597, 2645, 2222, 286, 6.20%, 0, 0, 8, 473.73, 2221875, 3318
4931, 0, 2597, 2648, 2225, 286, 6.21%, 0, 0, 8, 480.49, 2224383, 3322
4936, 0, 2597, 2648, 2225, 286, 6.21%, 0, 0, 8, 479.90, 2226795, 3322
4941, 0, 2597, 2648, 2225, 286, 6.21%, 0, 0, 8, 448.31, 2229041, 3322
4946, 0, 2597, 2650, 2227, 286, 6.21%, 0, 0, 8, 459.83, 2231374, 3325
4951, 0, 2597, 2651, 2228, 286, 6.21%, 0, 0, 8, 460.31, 2233686, 3325
4956, 0, 2597, 2651, 2228, 286, 6.21%, 0, 0, 8, 465.07, 2236026, 3325
4961, 0, 2597, 2652, 2229, 286, 6.21%, 0, 0, 8, 467.79, 2238383, 3325
4966, 0, 2534, 2652, 2226, 291, 6.21%, 0, 0, 8, 470.59, 2240761, 3325
4971, 0, 2345, 2654, 2227, 290, 6.21%, 0, 0, 8, 467.21, 2243098, 3325
4976, 0, 1479, 2654, 2224, 287, 6.21%, 0, 0, 8, 462.05, 2245510, 3325
4981, 0, 1616, 2656, 2225, 287, 6.22%, 0, 0, 8, 460.80, 2247837, 3326
4987, 0, 2600, 2660, 2227, 285, 6.22%, 0, 0, 8, 471.68, 2250225, 3328
4992, 0, 2600, 2664, 2231, 285, 6.22%, 0, 0, 8, 478.78, 2252633, 3329
4997, 0, 2600, 2664, 2231, 285, 6.22%, 0, 0, 8, 486.56, 2255153, 3329
5002, 0, 2600, 2665, 2232, 285, 6.22%, 0, 0, 8, 473.69, 2257600, 3329
5007, 0, 2600, 2665, 2232, 285, 6.22%, 0, 0, 8, 481.78, 2260039, 3329
5012, 0, 2600, 2665, 2232, 285, 6.22%, 0, 0, 8, 482.68, 2262550, 3329
5017, 0, 2600, 2665, 2232, 285, 6.22%, 0, 0, 8, 488.73, 2265088, 3329
5022, 0, 2600, 2665, 2232, 285, 6.22%, 0, 0, 8, 490.49, 2267554, 3329
5027, 0, 2600, 2666, 2233, 285, 6.22%, 0, 0, 8, 478.13, 2269938, 3329
5033, 0, 2600, 2667, 2234, 285, 6.22%, 0, 0, 8, 476.55, 2272403, 3329
5038, 0, 2600, 2667, 2234, 285, 6.22%, 0, 0, 8, 480.06, 2274833, 3329
5043, 0, 2600, 2667, 2234, 285, 6.22%, 0, 0, 8, 478.13, 2277254, 3329
5048, 0, 2600, 2668, 2235, 285, 6.22%, 0, 0, 8, 482.22, 2279656, 3329
5053, 0, 2600, 2669, 2236, 285, 6.22%, 0, 0, 8, 489.89, 2282139, 3329
5058, 0, 642, 2669, 2234, 285, 6.22%, 0, 0, 8, 478.91, 2284614, 3329
5063, 0, 1950, 2669, 2233, 284, 6.22%, 0, 0, 8, 475.28, 2286968, 3329
5068, 0, 2170, 2673, 2236, 283, 6.22%, 0, 0, 8, 478.76, 2289452, 3329
5073, 0, 2170, 2673, 2236, 283, 6.22%, 0, 0, 8, 475.17, 2291936, 3329
5078, 0, 2170, 2673, 2236, 283, 6.22%, 0, 0, 8, 480.99, 2294447, 3329
5084, 0, 2493, 2673, 2235, 284, 6.22%, 0, 0, 8, 476.60, 2296908, 3329
5089, 0, 2649, 2674, 2234, 282, 6.22%, 0, 0, 8, 469.98, 2299343, 3329
5094, 0, 2195, 2675, 2233, 280, 6.22%, 0, 0, 8, 454.89, 2301716, 3329
5099, 0, 1945, 2676, 2232, 279, 6.22%, 0, 0, 8, 461.34, 2304033, 3330
5104, 0, 2669, 2677, 2231, 277, 6.22%, 0, 0, 8, 469.38, 2306484, 3330
5109, 0, 83, 2679, 2232, 276, 6.22%, 0, 0, 8, 471.19, 2308868, 3330
5114, 0, 2491, 2679, 2230, 274, 6.22%, 0, 0, 8, 470.61, 2311220, 3330
5119, 0, 11, 2682, 2230, 273, 6.23%, 0, 0, 8, 482.20, 2313659, 3333
5124, 0, 2527, 2682, 2228, 272, 6.23%, 0, 0, 8, 467.73, 2315938, 3333
5129, 0, 2506, 2685, 2230, 271, 6.23%, 0, 0, 8, 462.16, 2318282, 3336
5134, 0, 2506, 2687, 2232, 271, 6.24%, 0, 0, 8, 477.07, 2320710, 3338
5139, 0, 2506, 2688, 2233, 271, 6.24%, 0, 0, 8, 464.96, 2323049, 3338
5144, 0, 2506, 2690, 2235, 271, 6.24%, 0, 0, 8, 475.91, 2325432, 3339
5150, 0, 2506, 2692, 2237, 271, 6.24%, 0, 0, 8, 478.24, 2327905, 3340
5155, 0, 2506, 2692, 2237, 271, 6.24%, 0, 0, 8, 471.52, 2330344, 3340
5160, 0, 2506, 2692, 2237, 271, 6.24%, 0, 0, 8, 479.20, 2332846, 3340
5165, 0, 2506, 2692, 2237, 271, 6.24%, 0, 0, 8, 474.49, 2335249, 3340
5170, 0, 2506, 2692, 2237, 271, 6.24%, 0, 0, 8, 474.50, 2337652, 3340
5175, 0, 2506, 2693, 2238, 271, 6.24%, 0, 0, 8, 466.11, 2339982, 3340
5180, 0, 2506, 2695, 2240, 271, 6.24%, 0, 0, 8, 478.65, 2342410, 3341
5185, 0, 2506, 2696, 2241, 271, 6.25%, 0, 0, 8, 477.14, 2344794, 3342
5190, 0, 2506, 2697, 2242, 271, 6.25%, 0, 0, 8, 466.50, 2347115, 3342
5195, 0, 2506, 2699, 2244, 271, 6.25%, 0, 0, 8, 480.88, 2349633, 3342
5200, 0, 2245, 2700, 2244, 279, 6.25%, 0, 0, 8, 465.18, 2351942, 3343
5205, 0, 35, 2702, 2244, 279, 6.25%, 0, 0, 8, 470.60, 2354280, 3344
5211, 0, 2273, 2703, 2243, 277, 6.25%, 0, 0, 8, 455.69, 2356656, 3344
5216, 0, 702, 2704, 2241, 274, 6.25%, 0, 0, 8, 467.70, 2359068, 3344
5221, 0, 2516, 2704, 2238, 271, 6.25%, 0, 0, 8, 473.55, 2361446, 3344
5226, 0, 2586, 2704, 2236, 269, 6.25%, 0, 0, 8, 474.69, 2363931, 3344
5231, 0, 2586, 2708, 2240, 269, 6.25%, 0, 0, 8, 474.65, 2366402, 3346
5236, 0, 2586, 2711, 2243, 269, 6.26%, 0, 0, 8, 475.81, 2368793, 3349
5241, 0, 2586, 2712, 2244, 269, 6.26%, 0, 0, 8, 466.71, 2371150, 3349
5246, 0, 2586, 2712, 2244, 269, 6.26%, 0, 0, 8, 474.62, 2373634, 3349
5252, 0, 2586, 2716, 2248, 269, 6.26%, 0, 0, 8, 475.59, 2376096, 3351
5257, 0, 2586, 2717, 2249, 269, 6.26%, 0, 0, 8, 452.81, 2378327, 3351
5262, 0, 2586, 2718, 2250, 269, 6.26%, 0, 0, 8, 465.60, 2380738, 3351
5267, 0, 2586, 2719, 2251, 269, 6.26%, 0, 0, 8, 469.53, 2383104, 3351
5272, 0, 2586, 2720, 2252, 269, 6.26%, 0, 0, 8, 453.34, 2385452, 3352
5277, 0, 2586, 2720, 2252, 269, 6.26%, 0, 0, 8, 456.08, 2387756, 3352
5282, 0, 2586, 2724, 2256, 269, 6.27%, 0, 0, 8, 463.62, 2390074, 3354
5287, 0, 2586, 2724, 2256, 269, 6.27%, 0, 0, 8, 467.81, 2392432, 3354
5292, 0, 2586, 2724, 2256, 269, 6.27%, 0, 0, 8, 461.75, 2394835, 3354
5297, 0, 2586, 2725, 2257, 269, 6.27%, 0, 0, 8, 462.26, 2397163, 3354
5302, 0, 373, 2727, 2256, 276, 6.27%, 0, 0, 8, 454.45, 2399443, 3354
5308, 0, 1044, 2727, 2254, 274, 6.27%, 0, 0, 8, 470.74, 2401892, 3354
5313, 0, 2466, 2735, 2261, 273, 6.28%, 0, 0, 8, 469.56, 2404343, 3360
5318, 0, 2466, 2739, 2265, 273, 6.28%, 0, 0, 8, 477.40, 2406742, 3361
5323, 0, 2466, 2741, 2267, 273, 6.28%, 0, 0, 8, 472.03, 2409125, 3361
5328, 0, 2466, 2742, 2268, 273, 6.28%, 0, 0, 8, 479.68, 2411635, 3361
5333, 0, 2466, 2743, 2269, 273, 6.28%, 0, 0, 8, 471.86, 2414082, 3361
5338, 0, 2466, 2744, 2270, 273, 6.28%, 0, 0, 8, 479.47, 2416511, 3361
5343, 0, 2466, 2747, 2273, 273, 6.28%, 0, 0, 8, 475.39, 2418983, 3361
5348, 0, 2466, 2748, 2274, 273, 6.28%, 0, 0, 8, 475.74, 2421376, 3362
5353, 0, 2466, 2748, 2274, 273, 6.28%, 0, 0, 8, 469.94, 2423734, 3362
5359, 0, 2466, 2748, 2274, 273, 6.28%, 0, 0, 8, 475.26, 2426209, 3362
5364, 0, 2694, 2750, 2275, 278, 6.28%, 0, 0, 8, 476.79, 2428618, 3363
5369, 0, 2564, 2750, 2272, 275, 6.28%, 0, 0, 8, 461.35, 2431023, 3363
5374, 0, 2171, 2753, 2274, 275, 6.28%, 0, 0, 9, 455.07, 2433310, 3363
5379, 0, 2106, 2754, 2274, 275, 6.29%, 0, 0, 9, 460.20, 2435711, 3364
5384, 0, 1067, 2756, 2274, 273, 6.29%, 0, 0, 9, 476.35, 2438103, 3365
5389, 0, 2525, 2759, 2276, 272, 6.29%, 0, 0, 9, 469.07, 2440448, 3366
5394, 0, 2529, 2761, 2276, 270, 6.29%, 0, 0, 9, 442.41, 2442745, 3366
5399, 0, 2529, 2766, 2281, 270, 6.29%, 0, 0, 9, 457.36, 2445080, 3366
5404, 0, 2529, 2769, 2284, 270, 6.29%, 0, 0, 9, 458.00, 2447489, 3366
5410, 0, 2529, 2770, 2285, 270, 6.29%, 0, 0, 9, 462.92, 2449891, 3366
5415, 0, 2529, 2771, 2286, 270, 6.29%, 0, 0, 9, 468.62, 2452329, 3366
5420, 0, 2529, 2771, 2286, 270, 6.29%, 0, 0, 9, 473.50, 2454714, 3366
5425, 0, 2529, 2773, 2288, 270, 6.29%, 0, 0, 9, 475.21, 2457097, 3366
5430, 0, 2529, 2773, 2288, 270, 6.29%, 0, 0, 9, 469.55, 2459563, 3366
5435, 0, 2529, 2774, 2289, 270, 6.29%, 0, 0, 9, 476.38, 2461956, 3366
5440, 0, 2529, 2775, 2290, 270, 6.29%, 0, 0, 9, 477.83, 2464439, 3366
5445, 0, 2529, 2775, 2290, 270, 6.29%, 0, 0, 9, 471.31, 2466815, 3366
5450, 0, 2529, 2777, 2292, 270, 6.29%, 0, 0, 9, 471.34, 2469189, 3366
5456, 0, 2529, 2778, 2293, 270, 6.29%, 0, 0, 9, 475.69, 2471663, 3367
5461, 0, 2529, 2779, 2294, 270, 6.29%, 0, 0, 9, 475.24, 2474065, 3367
5466, 0, 1608, 2781, 2295, 269, 6.29%, 0, 0, 9, 483.54, 2476586, 3367
5471, 0, 1608, 2793, 2307, 269, 6.30%, 0, 0, 9, 476.12, 2479068, 3372
5476, 0, 984, 2797, 2310, 270, 6.31%, 0, 0, 9, 467.76, 2481404, 3374
5481, 0, 1602, 2797, 2308, 268, 6.31%, 0, 0, 9, 474.15, 2483883, 3374
5486, 0, 2530, 2798, 2307, 266, 6.31%, 0, 0, 9, 467.20, 2486190, 3375
5491, 0, 2300, 2799, 2305, 264, 6.31%, 0, 0, 9, 464.50, 2488618, 3375
5497, 0, 981, 2799, 2304, 263, 6.31%, 0, 0, 9, 472.33, 2491095, 3375
5502, 0, 2107, 2801, 2305, 262, 6.31%, 0, 0, 9, 475.14, 2493562, 3375
5507, 0, 2730, 2804, 2306, 260, 6.31%, 0, 0, 9, 471.74, 2495937, 3375
5512, 0, 1559, 2812, 2312, 258, 6.33%, 0, 0, 9, 474.22, 2498291, 3388
5517, 0, 1559, 2814, 2314, 258, 6.33%, 0, 0, 9, 447.32, 2500575, 3390
5522, 0, 1559, 2815, 2315, 258, 6.34%, 0, 0, 9, 461.25, 2502851, 3391
5527, 0, 1559, 2816, 2316, 258, 6.34%, 0, 0, 9, 469.65, 2505226, 3393
5532, 0, 1559, 2817, 2317, 258, 6.34%, 0, 0, 9, 488.65, 2507790, 3395
5537, 0, 1559, 2817, 2317, 258, 6.34%, 0, 0, 9, 475.14, 2510247, 3395
5542, 0, 1559, 2817, 2317, 258, 6.34%, 0, 0, 9, 477.34, 2512758, 3395
5548, 0, 1559, 2817, 2317, 258, 6.34%, 0, 0, 9, 476.88, 2515089, 3395
5553, 0, 1559, 2817, 2317, 258, 6.34%, 0, 0, 9, 460.65, 2517402, 3395
5558, 0, 1559, 2817, 2317, 258, 6.34%, 0, 0, 9, 473.23, 2519796, 3395
5563, 0, 1559, 2817, 2317, 258, 6.34%, 0, 0, 9, 477.26, 2522208, 3395
5568, 0, 1559, 2818, 2318, 258, 6.35%, 0, 0, 9, 486.12, 2524718, 3396
5573, 0, 1559, 2818, 2318, 258, 6.35%, 0, 0, 9, 462.19, 2527031, 3396
5578, 0, 1559, 2818, 2318, 258, 6.35%, 0, 0, 9, 469.83, 2529452, 3396
5583, 0, 1981, 2818, 2316, 269, 6.35%, 0, 0, 9, 467.57, 2531807, 3396
5588, 0, 2815, 2818, 2314, 267, 6.35%, 0, 0, 9, 480.64, 2534326, 3396
5593, 0, 1914, 2820, 2313, 264, 6.35%, 0, 0, 9, 471.79, 2536759, 3396
5598, 0, 2710, 2826, 2317, 262, 6.35%, 0, 0, 9, 461.39, 2539077, 3396
5603, 0, 2710, 2830, 2321, 262, 6.35%, 0, 0, 9, 445.43, 2541293, 3397
5609, 0, 2539, 2831, 2321, 261, 6.35%, 0, 0, 9, 450.28, 2543576, 3397
5614, 0, 2539, 2835, 2325, 261, 6.35%, 0, 0, 9, 477.98, 2546095, 3400
5619, 0, 2539, 2836, 2326, 261, 6.36%, 0, 0, 9, 474.75, 2548488, 3401
5624, 0, 2539, 2838, 2328, 261, 6.36%, 0, 0, 9, 482.02, 2550925, 3403
5629, 0, 2539, 2839, 2329, 261, 6.36%, 0, 0, 9, 470.57, 2553273, 3404
5634, 0, 2539, 2841, 2331, 261, 6.36%, 0, 0, 9, 466.33, 2555710, 3406
5639, 0, 2539, 2841, 2331, 261, 6.36%, 0, 0, 9, 456.65, 2558014, 3406
5644, 0, 2539, 2842, 2332, 261, 6.37%, 0, 0, 9, 474.10, 2560506, 3407
5649, 0, 2539, 2843, 2333, 261, 6.37%, 0, 0, 9, 475.70, 2562890, 3408
5654, 0, 2539, 2843, 2333, 261, 6.37%, 0, 0, 9, 467.38, 2565212, 3408
5659, 0, 2539, 2844, 2334, 261, 6.37%, 0, 0, 9, 470.41, 2567587, 3408
5664, 0, 2539, 2844, 2334, 261, 6.37%, 0, 0, 9, 449.77, 2569927, 3408
5669, 0, 2539, 2844, 2334, 261, 6.37%, 0, 0, 9, 451.10, 2572231, 3408
5675, 0, 2539, 2844, 2334, 261, 6.37%, 0, 0, 9, 469.05, 2574697, 3408
5680, 0, 2539, 2845, 2335, 261, 6.37%, 0, 0, 9, 467.46, 2577065, 3408
5685, 0, 2720, 2846, 2333, 269, 6.37%, 0, 0, 9, 460.92, 2579410, 3408
5690, 0, 2155, 2848, 2333, 267, 6.37%, 0, 0, 9, 470.16, 2581796, 3410
5695, 0, 2155, 2857, 2342, 267, 6.37%, 0, 0, 9, 440.84, 2583996, 3410
5700, 0, 2155, 2859, 2344, 267, 6.37%, 0, 0, 9, 430.81, 2586148, 3410
5705, 0, 2844, 2863, 2347, 268, 6.37%, 0, 0, 9, 465.03, 2588556, 3410
5710, 0, 2844, 2864, 2348, 268, 6.37%, 0, 0, 9, 465.29, 2590913, 3410
5715, 0, 2844, 2864, 2348, 268, 6.37%, 0, 0, 9, 481.56, 2593343, 3410
5720, 0, 2844, 2864, 2348, 268, 6.37%, 0, 0, 9, 484.83, 2595791, 3410
5725, 0, 2844, 2865, 2349, 268, 6.37%, 0, 0, 9, 465.07, 2598112, 3410
5730, 0, 2844, 2865, 2349, 268, 6.37%, 0, 0, 9, 482.40, 2600641, 3410
5736, 0, 2844, 2865, 2349, 268, 6.37%, 0, 0, 9, 473.64, 2603080, 3410
5741, 0, 2844, 2865, 2349, 268, 6.37%, 0, 0, 9, 474.86, 2605555, 3410
5746, 0, 2844, 2866, 2350, 268, 6.37%, 0, 0, 9, 471.53, 2608011, 3411
5751, 0, 2844, 2866, 2350, 268, 6.37%, 0, 0, 9, 480.97, 2610540, 3411
5756, 0, 2538, 2867, 2350, 268, 6.38%, 0, 0, 9, 468.21, 2612869, 3412
5761, 0, 2538, 2878, 2361, 268, 6.40%, 0, 0, 9, 477.29, 2615288, 3424
5766, 0, 2538, 2885, 2368, 268, 6.41%, 0, 0, 9, 484.92, 2617765, 3431
5772, 0, 2538, 2887, 2370, 268, 6.42%, 0, 0, 9, 480.16, 2620229, 3433
5777, 0, 2538, 2891, 2374, 268, 6.42%, 0, 0, 9, 474.57, 2622601, 3437
5782, 0, 2538, 2893, 2376, 268, 6.43%, 0, 0, 9, 475.58, 2624975, 3439
5787, 0, 2538, 2894, 2377, 268, 6.43%, 0, 0, 9, 470.66, 2627350, 3440
5792, 0, 2538, 2894, 2377, 268, 6.43%, 0, 0, 9, 472.04, 2629717, 3440
5797, 0, 2538, 2895, 2378, 268, 6.43%, 0, 0, 9, 479.97, 2632209, 3441
5802, 0, 2538, 2896, 2379, 268, 6.43%, 0, 0, 9, 463.92, 2634620, 3442
5807, 0, 2538, 2896, 2379, 268, 6.43%, 0, 0, 9, 473.60, 2637104, 3442
5812, 0, 2538, 2897, 2380, 268, 6.43%, 0, 0, 9, 475.23, 2639569, 3443
5817, 0, 2538, 2898, 2381, 268, 6.44%, 0, 0, 9, 465.65, 2641899, 3444
5823, 0, 2538, 2898, 2381, 268, 6.44%, 0, 0, 9, 479.15, 2644401, 3444
5828, 0, 2531, 2903, 2385, 295, 6.44%, 0, 0, 9, 487.48, 2646864, 3444
5833, 0, 2531, 2906, 2388, 295, 6.44%, 0, 0, 9, 478.05, 2649365, 3444
5838, 0, 2531, 2909, 2391, 295, 6.44%, 0, 0, 9, 480.75, 2651774, 3444
5843, 0, 2531, 2914, 2396, 295, 6.44%, 0, 0, 9, 468.39, 2654100, 3444
5848, 0, 2531, 2915, 2397, 295, 6.44%, 0, 0, 9, 476.04, 2656547, 3444
5853, 0, 2531, 2917, 2399, 295, 6.44%, 0, 0, 9, 454.44, 2658840, 3444
5858, 0, 2531, 2920, 2402, 295, 6.44%, 0, 0, 9, 473.24, 2661249, 3444
5863, 0, 2531, 2921, 2403, 295, 6.44%, 0, 0, 9, 479.01, 2663750, 3444
5869, 0, 2531, 2921, 2403, 295, 6.44%, 0, 0, 9, 478.77, 2666216, 3444
5874, 0, 2531, 2923, 2405, 295, 6.44%, 0, 0, 9, 468.71, 2668581, 3444
5879, 0, 2531, 2923, 2405, 295, 6.44%, 0, 0, 9, 476.06, 2671047, 3444
5884, 0, 2531, 2923, 2405, 295, 6.44%, 0, 0, 9, 462.95, 2673450, 3444
5889, 0, 2531, 2926, 2408, 295, 6.44%, 0, 0, 9, 479.87, 2675904, 3444
5894, 0, 2531, 2926, 2408, 295, 6.44%, 0, 0, 9, 475.18, 2678280, 3444
5899, 0, 2531, 2927, 2409, 295, 6.44%, 0, 0, 9, 476.79, 2680650, 3444
5904, 0, 2752, 2933, 2414, 296, 6.44%, 0, 0, 10, 463.04, 2682941, 3444
5909, 0, 2752, 2935, 2416, 296, 6.44%, 0, 0, 10, 449.84, 2685183, 3444
5914, 0, 2752, 2935, 2416, 296, 6.44%, 0, 0, 10, 448.70, 2687423, 3444
5919, 0, 2752, 2937, 2418, 296, 6.44%, 0, 0, 10, 452.22, 2689741, 3444
5924, 0, 2752, 2939, 2420, 296, 6.44%, 0, 0, 10, 456.55, 2692052, 3444
5929, 0, 2752, 2942, 2423, 296, 6.44%, 0, 0, 10, 454.66, 2694398, 3444
5935, 0, 2752, 2943, 2424, 296, 6.44%, 0, 0, 10, 461.91, 2696800, 3444
5940, 0, 2752, 2943, 2424, 296, 6.44%, 0, 0, 10, 449.06, 2699087, 3444
5945, 0, 2752, 2944, 2425, 296, 6.44%, 0, 0, 10, 439.67, 2701359, 3444
5950, 0, 2752, 2947, 2428, 296, 6.44%, 0, 0, 10, 444.51, 2703695, 3444
5955, 0, 2752, 2948, 2429, 296, 6.44%, 0, 0, 10, 420.19, 2705847, 3444
5960, 0, 2475, 2949, 2428, 294, 6.44%, 0, 0, 10, 458.04, 2708226, 3444
5966, 0, 2816, 2953, 2429, 291, 6.44%, 0, 0, 10, 477.82, 2710733, 3444
5971, 0, 3013, 3047, 2523, 322, 6.61%, 0, 0, 10, 469.49, 2713071, 3538
5976, 0, 2703, 3047, 2522, 324, 6.61%, 0, 0, 10, 470.86, 2715529, 3538
5981, 0, 3046, 3047, 2520, 322, 6.61%, 0, 0, 10, 468.51, 2717908, 3538
5986, 0, 2874, 3047, 2518, 320, 6.61%, 0, 0, 10, 466.16, 2720268, 3538
5991, 0, 2227, 3049, 2519, 319, 6.61%, 0, 0, 10, 472.97, 2722736, 3538
5996, 0, 2108, 3050, 2517, 317, 6.61%, 0, 0, 10, 468.33, 2725099, 3539
6001, 0, 2736, 3055, 2521, 316, 6.61%, 0, 0, 10, 477.20, 2727577, 3539
6006, 0, 2736, 3056, 2522, 316, 6.61%, 0, 0, 10, 459.37, 2729898, 3539
6011, 0, 2736, 3058, 2524, 316, 6.61%, 0, 0, 10, 466.62, 2732245, 3539
6016, 0, 2736, 3058, 2524, 316, 6.61%, 0, 0, 10, 472.53, 2734621, 3539
6021, 0, 2736, 3058, 2524, 316, 6.61%, 0, 0, 10, 474.01, 2736997, 3539
6027, 0, 2736, 3058, 2524, 316, 6.61%, 0, 0, 10, 470.85, 2739463, 3539
6032, 0, 2736, 3059, 2525, 316, 6.62%, 0, 0, 10, 475.94, 2741928, 3540
6037, 0, 2736, 3060, 2526, 316, 6.62%, 0, 0, 10, 478.70, 2744411, 3540
6042, 0, 2736, 3061, 2527, 316, 6.62%, 0, 0, 10, 477.68, 2746876, 3540
6047, 0, 2736, 3062, 2528, 316, 6.62%, 0, 0, 10, 480.61, 2749269, 3540
6052, 0, 2892, 3064, 2529, 314, 6.62%, 0, 0, 10, 484.67, 2751694, 3542
6057, 0, 2892, 3067, 2532, 314, 6.62%, 0, 0, 10, 480.46, 2754094, 3544
6062, 0, 2892, 3067, 2532, 314, 6.62%, 0, 0, 10, 477.89, 2756569, 3544
6067, 0, 2892, 3067, 2532, 314, 6.62%, 0, 0, 10, 485.67, 2759008, 3544
6073, 0, 2892, 3067, 2532, 314, 6.62%, 0, 0, 10, 350.47, 2760677, 3544
6078, 0, 2892, 3067, 2532, 314, 6.62%, 0, 0, 10, 411.03, 2762792, 3544
6083, 0, 2892, 3067, 2532, 314, 6.62%, 0, 0, 10, 452.82, 2765110, 3544
6088, 0, 2892, 3068, 2533, 314, 6.62%, 0, 0, 10, 440.95, 2767312, 3545
6093, 0, 2892, 3068, 2533, 314, 6.62%, 0, 0, 10, 441.58, 2769624, 3545
6098, 0, 2892, 3069, 2534, 314, 6.62%, 0, 0, 10, 455.09, 2771993, 3545
6103, 0, 2892, 3069, 2534, 314, 6.62%, 0, 0, 10, 428.05, 2774136, 3545
6108, 0, 2892, 3069, 2534, 314, 6.62%, 0, 0, 10, 427.53, 2776296, 3545
6113, 0, 2241, 3069, 2532, 314, 6.62%, 0, 0, 10, 423.97, 2778447, 3545
6118, 0, 2501, 3070, 2532, 313, 6.62%, 0, 0, 10, 394.94, 2780434, 3545
6123, 0, 2105, 3070, 2531, 312, 6.62%, 0, 0, 10, 424.55, 2782567, 3545
6128, 0, 2893, 3070, 2529, 310, 6.62%, 0, 0, 10, 440.87, 2784765, 3545
6133, 0, 1012, 3070, 2528, 309, 6.62%, 0, 0, 10, 421.45, 2786880, 3545
6138, 0, 3063, 3070, 2526, 307, 6.62%, 0, 0, 10, 436.36, 2789036, 3545
6143, 0, 2515, 3070, 2525, 306, 6.62%, 0, 0, 10, 453.60, 2791338, 3545
6149, 0, 2867, 3071, 2524, 305, 6.63%, 0, 0, 10, 421.70, 2793504, 3546
6154, 0, 1361, 3072, 2524, 304, 6.63%, 0, 0, 10, 427.34, 2795642, 3546
6159, 0, 1064, 3072, 2523, 303, 6.63%, 0, 0, 10, 453.99, 2797961, 3546
6164, 0, 2993, 3074, 2525, 303, 6.63%, 0, 0, 10, 454.79, 2800227, 3546
6169, 0, 2883, 3074, 2523, 301, 6.63%, 0, 0, 10, 443.09, 2802446, 3546
6174, 0, 2215, 3075, 2523, 300, 6.63%, 0, 0, 10, 456.84, 2804739, 3546
6179, 0, 2968, 3075, 2520, 297, 6.63%, 0, 0, 10, 446.08, 2807063, 3546
6184, 0, 2505, 3077, 2519, 294, 6.63%, 0, 0, 10, 440.54, 2809376, 3546
6189, 0, 2505, 3078, 2520, 294, 6.63%, 0, 0, 10, 450.60, 2811660, 3546
6194, 0, 2505, 3081, 2523, 294, 6.63%, 0, 0, 10, 440.73, 2813896, 3547
6199, 0, 2505, 3082, 2524, 294, 6.63%, 0, 0, 10, 435.80, 2816048, 3547
6204, 0, 2505, 3082, 2524, 294, 6.63%, 0, 0, 10, 428.65, 2818152, 3547
6209, 0, 2505, 3082, 2524, 294, 6.63%, 0, 0, 10, 442.21, 2820448, 3547
6214, 0, 2505, 3082, 2524, 294, 6.63%, 0, 0, 10, 456.98, 2822753, 3547
6219, 0, 2505, 3082, 2524, 294, 6.63%, 0, 0, 10, 459.44, 2825075, 3547
6225, 0, 2505, 3082, 2524, 294, 6.63%, 0, 0, 10, 463.24, 2827487, 3547
6230, 0, 2505, 3083, 2525, 294, 6.63%, 0, 0, 10, 449.02, 2829727, 3547
6235, 0, 2505, 3083, 2525, 294, 6.63%, 0, 0, 10, 447.76, 2832032, 3547
6240, 0, 2505, 3083, 2525, 294, 6.63%, 0, 0, 10, 447.54, 2834304, 3547
6245, 0, 2505, 3084, 2526, 294, 6.63%, 0, 0, 10, 416.82, 2836424, 3547
6250, 0, 2505, 3084, 2526, 294, 6.63%, 0, 0, 10, 419.54, 2838528, 3547
6255, 0, 2505, 3084, 2526, 294, 6.63%, 0, 0, 10, 422.05, 2840648, 3547
6260, 0, 1374, 3084, 2525, 294, 6.63%, 0, 0, 10, 451.47, 2843008, 3547
6265, 0, 1374, 3084, 2525, 294, 6.63%, 0, 0, 10, 466.79, 2845355, 3547
6270, 0, 1374, 3085, 2526, 294, 6.63%, 0, 0, 10, 463.70, 2847725, 3547
6275, 0, 2990, 3085, 2524, 292, 6.63%, 0, 0, 10, 465.35, 2850047, 3547
6280, 0, 2904, 3085, 2522, 290, 6.63%, 0, 0, 10, 450.20, 2852275, 3547
6285, 0, 2679, 3087, 2523, 289, 6.63%, 0, 0, 10, 453.99, 2854572, 3548
6290, 0, 2679, 3090, 2526, 289, 6.63%, 0, 0, 10, 438.36, 2856758, 3548
6296, 0, 2679, 3091, 2527, 289, 6.63%, 0, 0, 10, 426.15, 2858902, 3548
6301, 0, 2679, 3091, 2527, 289, 6.63%, 0, 0, 10, 446.65, 2861222, 3548
6306, 0, 2679, 3092, 2528, 289, 6.63%, 0, 0, 10, 460.59, 2863621, 3548
6311, 0, 2679, 3092, 2528, 289, 6.63%, 0, 0, 10, 449.01, 2865886, 3548
6316, 0, 2679, 3092, 2528, 289, 6.63%, 0, 0, 10, 453.98, 2868247, 3548
6321, 0, 2679, 3093, 2529, 289, 6.63%, 0, 0, 10, 470.95, 2870640, 3548
6326, 0, 2679, 3093, 2529, 289, 6.63%, 0, 0, 10, 460.83, 2872926, 3548
6331, 0, 2679, 3093, 2529, 289, 6.63%, 0, 0, 10, 428.67, 2875142, 3548
6336, 0, 2679, 3093, 2529, 289, 6.63%, 0, 0, 10, 414.24, 2877174, 3548
6341, 0, 2679, 3093, 2529, 289, 6.63%, 0, 0, 10, 436.90, 2879454, 3548
6347, 0, 2679, 3093, 2529, 289, 6.63%, 0, 0, 10, 440.00, 2881750, 3548
6352, 0, 2679, 3093, 2529, 289, 6.63%, 0, 0, 10, 440.45, 2883958, 3548
6357, 0, 2679, 3093, 2529, 289, 6.63%, 0, 0, 10, 438.77, 2886245, 3548
6362, 0, 2747, 3095, 2530, 290, 6.63%, 0, 0, 10, 386.99, 2888180, 3548
6367, 0, 2290, 3097, 2530, 288, 6.63%, 0, 0, 10, 379.94, 2890257, 3548
6372, 0, 2290, 3098, 2531, 288, 6.63%, 0, 0, 10, 338.26, 2891870, 3548
6377, 0, 2290, 3099, 2532, 288, 6.63%, 0, 0, 10, 311.25, 2893420, 3548
6379, 0, 2290, 3099, 2532, 288, 6.63%, 0, 0, 10, 320.96, 2894221, 3548
